9.180434782816015993e-01
9.451739130849423631e-01
9.502608695859494636e-01
9.527826087371162878e-01
9.540434782608695485e-01
9.546086956521738776e-01
9.556521739337755506e-01
9.552173913458119614e-01
9.547391304347826457e-01
9.577391304762467028e-01
9.580869565424712242e-01
9.579999999999999627e-01
9.603478261284206230e-01
9.597391304555146219e-01
9.589999999999999636e-01
9.614347826086956372e-01
9.594782608695652248e-01
9.616521739545075276e-01
9.602173913043478004e-01
9.600000000414641299e-01
9.605217391511667868e-01
9.612608695859494734e-01
9.616521739545075276e-01
9.603913043892902124e-01
9.606956521739130617e-01
9.620434782608695556e-01
9.609565217805945414e-01
9.628260869979858860e-01
9.614347826086956372e-01
9.610434782608695548e-01
9.606956522153771161e-01
9.619130435197249529e-01
9.615217391718988704e-01
9.619999999999999662e-01
9.608695652381233909e-01
9.622173913043478022e-01
9.618260869772538024e-01
9.633478260869565712e-01
9.608260869979858843e-01
9.600869565632031977e-01
9.620434783023337211e-01
9.611739130642102946e-01
9.610000000207320481e-01
9.624782609110292819e-01
9.620869565217391450e-01
9.612173913250798840e-01
9.606521739130434723e-01
9.610000000414641308e-01
9.624347826501598036e-01
9.618260869772538024e-01
9.607391304347826511e-01
9.615652173913042944e-01
9.620869565217391450e-01
9.603913043892902124e-01
9.630434783023336109e-01
9.613043478675510345e-01
9.630434782816016392e-01
9.628695652381233927e-01
9.616956521946451453e-01
9.619130434782608985e-01
9.606521739130434723e-01
9.632173913043478031e-01
9.620869565424712277e-01
9.625652174120363780e-01
9.616086956521738838e-01
9.622608695652173916e-01
9.622173913250798849e-01
9.627826086956521312e-01
9.597826087163842113e-01
9.634347826086956390e-01
9.613478261076885412e-01
9.610869565217391441e-01
9.606086956521738829e-01
9.620434783023337211e-01
9.625217391718988713e-01
9.606086956521738829e-01
9.621304347826087344e-01
9.626086956521738847e-01
9.609565217805945414e-01
9.628260869565217206e-01
9.624347826086956381e-01
9.609565217805945414e-01
9.616956521739130626e-01
9.618695652588553635e-01
9.626086956521738847e-01
9.620869565217391450e-01
9.618260869979858851e-01
9.613043478260869801e-01
9.628695652588553644e-01
9.633913043892902150e-01
9.630434783023336109e-01
9.616086956936380492e-01
9.624347826086956381e-01
9.624347826086956381e-01
9.612173913250798840e-01
9.628260869772538033e-01
9.626956522153771179e-01
9.636086956936380510e-01
9.612608696066814451e-01
9.626956521739130634e-01
9.620434782608695556e-01
9.624782608902973102e-01
9.627826086956521312e-01
9.630869565217391459e-01
9.610869565632031986e-01
9.631304347826087353e-01
9.623913043892902142e-01
9.642608695652173934e-01
9.620434782608695556e-01
9.633913043478260496e-01
9.616956521946451453e-01
9.627391304347826528e-01
9.630434783023336109e-01
9.633043478260869819e-01
9.627391304762467072e-01
9.619565217805945423e-01
9.623913043478260487e-01
9.622173913043478022e-01
9.624782609110292819e-01
9.626956521946451462e-01
9.631304348033407070e-01
9.614782608695652266e-01
9.619130434782608985e-01
9.613478260869565695e-01
9.620869565217391450e-01
9.615217391718988704e-01
9.621304348240727888e-01
9.636521739130434749e-01
9.619565217391304879e-01
9.614347826086956372e-01
9.622173913458119676e-01
9.621739130849423782e-01
9.628260869979858860e-01
9.621304347826087344e-01
9.631304347826087353e-01
9.620000000207320490e-01
9.643043478675510372e-01
9.627391304555146245e-01
9.617391304347826519e-01
9.620434782816016384e-01
9.620869565632031994e-01
9.625217391718988713e-01
9.626956521946451462e-01
9.627826086956521312e-01
9.622608695859494743e-01
9.636956521739130643e-01
9.633043478260869819e-01
9.616086956729059665e-01
9.627826087371162966e-01
9.619999999999999662e-01
9.632608695859494752e-01
9.621304348240727888e-01
9.632608696066814469e-01
9.629565217598624605e-01
9.627391304347826528e-01
9.632608696066814469e-01
9.623043478675510354e-01
9.625652174120363780e-01
9.629565217391304888e-01
9.628695652173913100e-01
9.631304348033407070e-01
9.626956521739130634e-01
9.628260869979858860e-01
9.633913043685581323e-01
9.623913043685581314e-01
9.631739130434782137e-01
9.642173913043478040e-01
9.623043478675510354e-01
9.627826086956521312e-01
9.619565217391304879e-01
9.636086956521738855e-01
9.632608696066814469e-01
9.630434782816016392e-01
9.637826086956521321e-01
9.619130435197249529e-01
9.632173913458119685e-01
9.629565217598624605e-01
9.641304348240727906e-01
9.643478260869565721e-01
9.630434783023336109e-01
9.629130434989928711e-01
9.633043478260869819e-01
9.624782609110292819e-01
9.631739130849423791e-01
9.633478260869565712e-01
9.636956522153771187e-01
9.632608696066814469e-01
9.624782608695652275e-01
9.626086956936380501e-01
9.627391304347826528e-01
9.635217391304348178e-01
9.627826086956521312e-01
9.638260869979858869e-01
9.644782608695652293e-01
9.641304348033407079e-01
9.630434783023336109e-01
9.632608695652173925e-01
9.626956521739130634e-01
9.642608696066814478e-01
9.636956521739130643e-01
9.630869565632032003e-01
9.637391304347826537e-01
9.620434783023337211e-01
9.641739130642102973e-01
9.642608695652173934e-01
9.620434782608695556e-01
9.623478261076885421e-01
9.640434782608695574e-01
9.640000000414641335e-01
9.628260869979858860e-01
9.619565217391304879e-01
9.637391304762467081e-01
9.643478261284206265e-01
9.637826087163842148e-01
9.640434782816016401e-01
9.626521739130434741e-01
9.641739130642102973e-01
9.628260869979858860e-01
9.634347826294277217e-01
9.648695652588553662e-01
9.635217391718988722e-01
9.622608695652173916e-01
9.641304347826087362e-01
9.630000000207320499e-01
9.636956522153771187e-01
9.638260869772538042e-01
9.637391304347826537e-01
9.640000000414641335e-01
9.640869565217391468e-01
9.639130434782609003e-01
9.627391304762467072e-01
9.630869565217391459e-01
9.641304348033407079e-01
9.631304347826087353e-01
9.631739130434782137e-01
9.630434782608695565e-01
9.650000000414641343e-01
9.645217391718988731e-01
9.648695652588553662e-01
9.640869565632032012e-01
9.628695652173913100e-01
9.634782608695652284e-01
9.621739130849423782e-01
9.638695652588553653e-01
9.631739130642102964e-01
9.647826087371162984e-01
9.643043478260869827e-01
9.639565217598624614e-01
9.635217391718988722e-01
9.634782609110292828e-01
9.636086956936380510e-01
9.646956521946451479e-01
9.627826086956521312e-01
9.631739130434782137e-01
9.646086956521738864e-01
9.645652173913042970e-01
9.638695652173913109e-01
9.645217391304348187e-01
9.650869565632032021e-01
9.643043478468189544e-01
9.642608695652173934e-01
9.630000000414641326e-01
9.638260869979858869e-01
9.649130434989928728e-01
9.648695652173913118e-01
9.650434782816016410e-01
9.629130434782608994e-01
9.648260869979858878e-01
9.641739130434782146e-01
9.636521739130434749e-01
9.653478260869565730e-01
9.641304347826087362e-01
9.634782609110292828e-01
9.643913043892902159e-01
9.649565217391303795e-01
9.641739130434782146e-01
9.636086956936380510e-01
9.644782609110292837e-01
9.653478261284206274e-01
9.647391304762467090e-01
9.652608696066814487e-01
9.633913043478260496e-01
9.647391304762467090e-01
9.644347826086956399e-01
9.632173913043478031e-01
9.636956522153771187e-01
9.648695652173913118e-01
9.643913043892902159e-01
9.627391304347826528e-01
9.639565217391304897e-01
9.637826086956521321e-01
9.635652174120363789e-01
9.643043478260869827e-01
9.650869565217391477e-01
9.651304348240727915e-01
9.641304348240727906e-01
9.635217391304348178e-01
9.641739130849423800e-01
9.639130434782609003e-01
9.635217391304348178e-01
