8.336521739337755532e-01
9.152173913250798432e-01
9.274347826086956070e-01
9.326521739130434474e-01
9.361739130849423551e-01
9.399130435197249334e-01
9.413913043892901955e-01
9.427826087163841962e-01
9.420869565632031817e-01
9.424347826294277031e-01
9.446086956936380341e-01
9.440000000207320330e-01
9.426086956729059496e-01
9.412608696066815384e-01
9.445652174327684447e-01
9.449130434989929661e-01
9.444782609110292659e-01
9.447826087371162807e-01
9.443913043685581155e-01
9.458260869565217055e-01
9.446086956729059514e-01
9.449130434782608834e-01
9.436521739130434572e-01
9.464347826294277066e-01
9.456521739545076244e-01
9.428695652588554577e-01
9.444782609110292659e-01
9.443913043478260327e-01
9.443478261284206088e-01
9.435217391304348000e-01
9.452173913043477871e-01
9.424782609110292642e-01
9.448260869565217046e-01
9.449565217805945272e-01
9.448260869565217046e-01
9.458260869772537882e-01
9.445652174327684447e-01
9.466086956936380359e-01
9.453478260869565553e-01
9.444347826086956221e-01
9.452173913043477871e-01
9.436956522153771010e-01
9.453043478675510203e-01
9.446956522153771019e-01
9.440869565217391290e-01
9.436956521739130466e-01
9.434347826501597867e-01
9.445217391511668836e-01
9.420000000207320312e-01
9.440869565632031835e-01
9.441304348240727728e-01
9.423478261284206070e-01
9.459130434989929670e-01
9.455652174327684456e-01
9.456956522153771028e-01
9.452608696066815419e-01
9.432608696066815401e-01
9.442608695652173756e-01
9.439130435197249369e-01
9.440000000414641157e-01
9.446086956521738687e-01
9.445652174327684447e-01
9.443478261284206088e-01
9.444782608695652115e-01
9.442608696066815410e-01
9.432173913458119507e-01
9.438695652173912931e-01
9.423913043685581137e-01
9.444347826501597876e-01
9.449565217805945272e-01
9.429130434989929643e-01
9.433043478468190468e-01
9.450869565632031843e-01
9.460434782816016241e-01
9.454782609110292668e-01
9.445217391718988553e-01
9.467391304762466930e-01
9.439130434782608825e-01
9.424347826086956204e-01
9.450434782608695405e-01
9.443913043478260327e-01
9.444782609110292659e-01
9.443913043478260327e-01
9.446086956729059514e-01
9.463043478468190495e-01
9.451304348240727737e-01
9.443913043478260327e-01
9.434782609110292650e-01
9.461304347826087202e-01
9.451739130849423631e-01
9.449130434989929661e-01
9.441304348033408012e-01
9.443478260869565544e-01
9.461304347826087202e-01
9.464347826501597893e-01
9.433913043892901973e-01
9.428260869565217028e-01
9.459565217391304737e-01
9.458260869565217055e-01
9.458260869979858709e-01
9.445217391511668836e-01
9.439565217805945263e-01
9.447391304347826368e-01
9.440000000414641157e-01
9.412608695859494556e-01
9.456521739337755417e-01
9.439999999999999503e-01
9.438260869565217037e-01
9.447826087371162807e-01
9.440000000414641157e-01
9.470434783023337078e-01
9.446086956729059514e-01
9.445217391511668836e-01
9.447391304347826368e-01
9.440869565632031835e-01
9.431739130642102786e-01
9.436956522153771010e-01
9.449565217391304728e-01
9.449565217598624445e-01
9.462173913458119534e-01
9.438260869979858692e-01
9.439999999999999503e-01
9.448260869979858700e-01
9.461739130849423640e-01
9.459565217391304737e-01
9.446086956729059514e-01
9.454347826501597885e-01
9.455217391304348018e-01
9.439999999999999503e-01
9.452608696066815419e-01
9.442173913250798689e-01
9.424347826294277031e-01
9.440869565424712118e-01
9.439999999999999503e-01
9.431304348033408003e-01
9.434347826086956212e-01
9.453478260869565553e-01
9.448260869979858700e-01
9.442608695652173756e-01
9.437826086956522254e-01
9.433478260869565535e-01
9.435217391718988544e-01
9.450434782816016233e-01
9.444782608695652115e-01
9.455652173913043912e-01
9.445652174120363620e-01
9.440869565217391290e-01
9.424347826501597858e-01
9.453043478468190486e-01
9.435217391304348000e-01
9.450434782608695405e-01
9.435217391511668827e-01
9.446086956729059514e-01
9.453043478260869659e-01
9.450434783023337060e-01
9.446086956729059514e-01
9.452608695859494592e-01
9.443043478675510194e-01
9.446086956936380341e-01
9.455217391718988562e-01
9.453043478675510203e-01
9.451304348240727737e-01
9.444782609110292659e-01
9.469565217805945290e-01
9.454347826086956230e-01
9.440434782816016224e-01
9.453478261284206097e-01
9.435217391718988544e-01
9.450869565424712127e-01
9.439565217805945263e-01
9.461304348240727746e-01
9.452173913458119525e-01
9.433478261284206079e-01
9.443913043685581155e-01
9.440000000207320330e-01
9.434782609110292650e-01
9.439565217805945263e-01
9.463913043892901999e-01
9.428260869979858683e-01
9.430869565217391282e-01
9.437826087371162798e-01
9.437391304347826360e-01
9.426086956729059496e-01
9.443913043478260327e-01
9.455652174120363629e-01
9.446956522153771019e-01
9.440869565217391290e-01
9.450869565632031843e-01
9.453043478260869659e-01
9.451304348240727737e-01
9.434782608902972934e-01
9.430434782608695388e-01
9.440000000207320330e-01
9.445652174120363620e-01
9.454347826501597885e-01
9.446086956936380341e-01
9.460000000414641175e-01
9.428695652381233749e-01
9.456956522153771028e-01
9.449565217391304728e-01
9.451739130642102804e-01
9.441304348033408012e-01
9.443913043685581155e-01
9.458695652588554603e-01
9.441304348240727728e-01
9.439565217805945263e-01
9.433478260869565535e-01
9.448260869979858700e-01
9.443913043685581155e-01
9.447826086956522262e-01
9.430869565217391282e-01
9.450434783023337060e-01
9.439565217598624436e-01
9.457391304762466921e-01
9.443478261284206088e-01
9.447391304762466913e-01
9.443913043478260327e-01
9.451304347826087193e-01
9.424347826294277031e-01
9.452173913250798698e-01
9.456086956521738696e-01
9.425217391718988535e-01
9.445652173913043903e-01
9.443478261076885261e-01
9.450869565632031843e-01
9.451304348240727737e-01
9.448260869565217046e-01
9.448260869979858700e-01
9.439130435197249369e-01
9.472173913250798716e-01
9.444782608695652115e-01
9.440434782608695397e-01
9.436521739337755399e-01
9.455652174120363629e-01
9.454782608695652124e-01
9.436956522153771010e-01
9.453913043478260336e-01
9.450434782608695405e-01
9.417391304347826342e-01
9.458260869565217055e-01
9.439130434782608825e-01
9.435217391718988544e-01
9.448695652588554594e-01
9.451304348033406910e-01
9.440000000414641157e-01
9.438260869772537864e-01
9.455652173913043912e-01
9.447391304555146085e-01
9.452608695652173765e-01
9.451304348240727737e-01
9.446521739545076235e-01
9.451304347826087193e-01
9.429130435197249360e-01
9.440434783023337051e-01
9.451304347826087193e-01
9.435217391304348000e-01
9.443478261076885261e-01
9.455217391718988562e-01
9.462173913458119534e-01
9.452608695652173765e-01
9.456521739130434590e-01
9.465217391304348027e-01
9.429130434782608816e-01
9.440434783023337051e-01
9.443478261076885261e-01
9.429565217805945254e-01
9.442608695652173756e-01
9.450000000414641166e-01
9.439565217391304719e-01
9.441304348033408012e-01
9.460434783023337069e-01
9.437391304347826360e-01
9.426521739337755390e-01
9.445217391304348009e-01
9.446086956729059514e-01
9.448695652588554594e-01
9.454347826501597885e-01
9.440869565217391290e-01
9.433913043892901973e-01
9.445652174120363620e-01
9.458260869565217055e-01
9.444347826086956221e-01
9.443478261284206088e-01
9.444347826501597876e-01
9.445217391511668836e-01
9.442173913250798689e-01
9.448260869772537873e-01
9.449130434989929661e-01
9.439130435197249369e-01
9.436086956521738678e-01
9.431304347826087175e-01
9.436956521946451293e-01
9.451739130849423631e-01
9.431304348240727720e-01
9.449130434989929661e-01
9.448695652381233767e-01
9.430000000207320321e-01
9.450434783023337060e-01
9.439565217598624436e-01
9.444347826294277048e-01
