7.661739130849423152e-01
8.891739130849423134e-01
9.160869565632032696e-01
9.282608696066815268e-01
9.320000000000000506e-01
9.346086956936380252e-01
9.385217391511668783e-01
9.403478261284206052e-01
9.440869565424712118e-01
9.444347826501597876e-01
9.462173913458119534e-01
9.482608695652173791e-01
9.481739130434783114e-01
9.496521739130434625e-01
9.502608696066815464e-01
9.505217391718988607e-01
9.503043478468190530e-01
9.504782608695652169e-01
9.503913043478260381e-01
9.533913043478260407e-01
9.517826086956521214e-01
9.526521739545076306e-01
9.539565217805945352e-01
9.547391304347826457e-01
9.532608695859494663e-01
9.528260869565217117e-01
9.552173913043477960e-01
9.527826087163842050e-01
9.552608695652173854e-01
9.560000000414641264e-01
9.538260869565217126e-01
9.545217391511667815e-01
9.541739130849423711e-01
9.547391304555146174e-01
9.545652173913043992e-01
9.559565217805945370e-01
9.558260869979858798e-01
9.558695652588553582e-01
9.554782608695652213e-01
9.552173913043477960e-01
9.561304348240727835e-01
9.561739130849423729e-01
9.558695652381233865e-01
9.573478261284206203e-01
9.557391304347826466e-01
9.569130434782608940e-01
9.566521739130434687e-01
9.568260869565217153e-01
9.576086956936380457e-01
9.578260869565217162e-01
9.569565217391304834e-01
9.566086956936380448e-01
9.574782608695652231e-01
9.567826087371162913e-01
9.579130435197249493e-01
9.579565217805945387e-01
9.579130435197249493e-01
9.579565217805945387e-01
9.571304348240727844e-01
9.580000000414641281e-01
9.567826087163842086e-01
9.584347826501598000e-01
9.588260869565217170e-01
9.574347826086956337e-01
9.588260869565217170e-01
9.571304348033407017e-01
9.576086956521738802e-01
9.587391304347826493e-01
9.589130434782608958e-01
9.577391304762467028e-01
9.573043478260869765e-01
9.578260869565217162e-01
9.585217391718988678e-01
9.582608695652173880e-01
9.589565217391304852e-01
9.587826087371162931e-01
9.572608695652173871e-01
9.592608695652173889e-01
9.592608696066814433e-01
9.587391304555146210e-01
9.592173913043477995e-01
9.590869565632031968e-01
9.594347826501598009e-01
9.588695652173913064e-01
9.600869565217391433e-01
9.599565217598624578e-01
9.589130434989928675e-01
9.600434783023337193e-01
9.596956521946451435e-01
9.599565217598624578e-01
9.591739130434782101e-01
9.587391304347826493e-01
9.594782608695652248e-01
9.608260869772538015e-01
9.591304347826087318e-01
9.583043478260869774e-01
9.596956521739130608e-01
9.588695652173913064e-01
9.600434782608695539e-01
9.598695652173913073e-01
9.587826086956521277e-01
9.601739130434782110e-01
9.600434782816016366e-01
9.598260869565217179e-01
9.605217391304348151e-01
9.605652173913042935e-01
9.603913043478260469e-01
9.611304348240727879e-01
9.617826087371162957e-01
9.616956521946451453e-01
9.609130435197249520e-01
9.620434782608695556e-01
9.604347826501598018e-01
9.608695652381233909e-01
9.608260869565217188e-01
9.614347826086956372e-01
9.600434782608695539e-01
9.616956522153771170e-01
9.612173913458119667e-01
9.612173913250798840e-01
9.617826086956521303e-01
9.606086956521738829e-01
9.612173913043478013e-01
9.606956521739130617e-01
9.602608695859494725e-01
9.630434782608695565e-01
9.618260869979858851e-01
9.605217391304348151e-01
9.608695652588553626e-01
9.627826087371162966e-01
9.613478261284206239e-01
9.621739130642102955e-01
9.613043478260869801e-01
9.630434783023336109e-01
9.623478261284206248e-01
9.619130435197249529e-01
9.616086956936380492e-01
9.616086956936380492e-01
9.619130434782608985e-01
9.611304347826087335e-01
9.624782609110292819e-01
9.619999999999999662e-01
9.612608695652173907e-01
9.613043478468189518e-01
9.620000000414641317e-01
9.624347826086956381e-01
9.620434783023337211e-01
9.619999999999999662e-01
9.629565217391304888e-01
9.633913043892902150e-01
9.626521739545075285e-01
9.629999999999999671e-01
9.635217391304348178e-01
9.646086956521738864e-01
9.622608695859494743e-01
9.624782608695652275e-01
9.629565217391304888e-01
9.617826087163842130e-01
9.619999999999999662e-01
9.626956521946451462e-01
9.626086956521738847e-01
9.636956521739130643e-01
9.623913043892902142e-01
9.629130434782608994e-01
9.625652174327684607e-01
9.652173913458119703e-01
9.634347826086956390e-01
9.632608696066814469e-01
9.623043478675510354e-01
9.633478261076885429e-01
9.628695652588553644e-01
9.646521739545075302e-01
9.627826086956521312e-01
9.633913043478260496e-01
9.633478261284206257e-01
9.627826087371162966e-01
9.633478260869565712e-01
9.628695652588553644e-01
9.633478261284206257e-01
9.633913043478260496e-01
9.649565217805945450e-01
9.641739130434782146e-01
9.632173913458119685e-01
9.637826086956521321e-01
9.649565217598624622e-01
9.630434782608695565e-01
9.646956521739130652e-01
9.645652173913042970e-01
9.634347826086956390e-01
9.627826087371162966e-01
9.642173913458119694e-01
9.648695652588553662e-01
9.646956521739130652e-01
9.645652173913042970e-01
9.642173913043478040e-01
9.656521739337755594e-01
9.647826087371162984e-01
9.643043478260869827e-01
9.648260869979858878e-01
9.637391304347826537e-01
9.644347826501598053e-01
9.644347826501598053e-01
9.649130435197249556e-01
9.646521739130434758e-01
9.655217391718988740e-01
9.647391304762467090e-01
9.655217391304348196e-01
9.647826086956521330e-01
9.643913043478260505e-01
9.654347826294277235e-01
9.642608696066814478e-01
9.657391304762467099e-01
9.646521739545075302e-01
9.653478260869565730e-01
9.633913043478260496e-01
9.660869565217391486e-01
9.663478260869565739e-01
9.647391304762467090e-01
9.640434782816016401e-01
9.653478260869565730e-01
9.656086956521738873e-01
9.643913043892902159e-01
9.651304347826087371e-01
9.641304347826087362e-01
9.639565217391304897e-01
9.657826086956521339e-01
9.653478261284206274e-01
9.639999999999999680e-01
9.659565217391303804e-01
9.653913043478260514e-01
9.663043478260869845e-01
9.661739130434782163e-01
9.653043478675510380e-01
9.664782608695652311e-01
9.653043478260869836e-01
9.672173913043478066e-01
9.659130435197249565e-01
9.656956522153771205e-01
9.666956521739130670e-01
9.659565217391303804e-01
9.652608695859494770e-01
9.661304347826087380e-01
9.640000000414641335e-01
9.652608696066814487e-01
9.676521739130434785e-01
9.658260869979858887e-01
9.663043478468189562e-01
9.665217391304348205e-01
9.660869565424712313e-01
9.666956521739130670e-01
9.650000000207320516e-01
9.662608695859494778e-01
9.654782609110292846e-01
9.666086956521738882e-01
9.665652174120363815e-01
9.663913043478260523e-01
9.664347826501598071e-01
9.677391304762467117e-01
9.660000000414641352e-01
9.663043478675510389e-01
9.668695652588553680e-01
9.663478260869565739e-01
9.660000000414641352e-01
9.681304348033407114e-01
9.670869565217391495e-01
9.676521739545075329e-01
9.682608696066814513e-01
9.664782609110292855e-01
9.676521739337755612e-01
9.674782608695652319e-01
9.679565217805945476e-01
9.678260869565217250e-01
9.680434782608695610e-01
9.668695652173913135e-01
9.663913043892902177e-01
9.676956521739130679e-01
9.660000000207320525e-01
9.679130435197249582e-01
9.698695652173913162e-01
9.671739130849423827e-01
9.673478261076885465e-01
9.675217391304348213e-01
9.672173913458119721e-01
9.675652174120363824e-01
9.672173913043478066e-01
9.669565217805945467e-01
9.668260869565217241e-01
9.673043478468189571e-01
9.681739130642103008e-01
9.669999999999999707e-01
9.675652173913042997e-01
9.675652174327684651e-01
9.679130435197249582e-01
9.686086956936380554e-01
9.674782609110292864e-01
9.669130435197249573e-01
9.686086956521738900e-01
9.674782609110292864e-01
9.684347826086956434e-01
9.669130435197249573e-01
