9.254347826086956053e-01
9.476521739130434607e-01
9.532173913458119596e-01
9.535217391718988633e-01
9.547391304762467001e-01
9.551304347826087282e-01
9.538695652173913020e-01
9.581739130434782092e-01
9.584782608902973067e-01
9.595652173913042926e-01
9.595652173913042926e-01
9.593913043685581288e-01
9.609999999999999654e-01
9.596956521739130608e-01
9.595217391511667859e-01
9.600869565424712260e-01
9.593043478260869783e-01
9.613478261284206239e-01
9.600000000207320472e-01
9.601739130434782110e-01
9.600869565217391433e-01
9.603478261284206230e-01
9.598260869565217179e-01
9.622608696066814460e-01
9.613043478260869801e-01
9.608260869979858843e-01
9.603043478260869792e-01
9.610434782608695548e-01
9.606956521739130617e-01
9.607391304762467055e-01
9.604782609110292801e-01
9.606086956521738829e-01
9.601304347826087326e-01
9.601739130849423765e-01
9.609565217391304870e-01
9.603043478260869792e-01
9.599130434782608967e-01
9.618260869772538024e-01
9.604782608695652257e-01
9.602173913043478004e-01
9.600434782608695539e-01
9.604782608695652257e-01
9.603913043478260469e-01
9.593913043892902115e-01
9.607826087371162949e-01
9.597391304347826502e-01
9.620869565424712277e-01
9.605652173913042935e-01
9.624782608695652275e-01
9.616086956936380492e-01
9.612608695652173907e-01
9.602173913458119658e-01
9.602173913043478004e-01
9.609565217805945414e-01
9.611739130849423773e-01
9.609130435197249520e-01
9.619565217805945423e-01
9.609565217805945414e-01
9.609565217391304870e-01
9.619130434782608985e-01
9.601304348033407043e-01
9.609565217805945414e-01
9.611304348240727879e-01
9.618260869565217197e-01
9.611739130849423773e-01
9.616521739130434732e-01
9.600434783023337193e-01
9.625652173913042953e-01
9.595652173913042926e-01
9.611304348240727879e-01
9.610434783023337202e-01
9.607826087371162949e-01
9.612173913458119667e-01
9.612173913043478013e-01
9.603043478260869792e-01
9.612173913458119667e-01
9.599565217805945405e-01
9.608260869979858843e-01
9.601739130434782110e-01
9.599565217805945405e-01
9.605652174327684589e-01
9.611304348033407052e-01
9.597391304762467046e-01
9.623913043478260487e-01
9.606521739130434723e-01
9.606956522153771161e-01
9.607391304762467055e-01
9.608695652588553626e-01
9.615652173913042944e-01
9.616086956521738838e-01
9.621739130434782128e-01
9.616086956936380492e-01
9.606956521739130617e-01
9.616521739337755559e-01
9.615652174327684598e-01
9.602173913250798831e-01
9.611739130849423773e-01
9.608260869565217188e-01
9.606521739130434723e-01
9.610434782816016375e-01
9.623913043892902142e-01
9.615652174327684598e-01
9.622173913043478022e-01
9.621739130849423782e-01
9.621304348033407061e-01
9.610434783023337202e-01
9.616521739130434732e-01
9.613478260869565695e-01
9.612173913043478013e-01
9.620869565632031994e-01
9.604782609110292801e-01
9.614347826294277199e-01
9.611739130434782119e-01
9.612173913458119667e-01
9.613913043478260478e-01
9.622608696066814460e-01
9.620869565217391450e-01
9.624782608902973102e-01
9.610434783023337202e-01
9.609130435197249520e-01
9.604782609110292801e-01
9.620434782608695556e-01
9.611304348240727879e-01
9.623913043478260487e-01
9.606086956521738829e-01
9.608695652173913082e-01
9.606086956521738829e-01
9.612608696066814451e-01
9.609130435197249520e-01
9.613043478260869801e-01
9.617826087371162957e-01
9.606956521946451444e-01
9.616956521946451453e-01
9.605217391511667868e-01
9.621739130849423782e-01
9.620434782816016384e-01
9.629130435197249538e-01
9.622608696066814460e-01
9.626086956936380501e-01
9.609565217391304870e-01
9.604347826086956363e-01
9.618260869979858851e-01
9.620434783023337211e-01
9.607391304347826511e-01
9.616086956521738838e-01
9.608260869565217188e-01
9.616521739130434732e-01
9.609565217391304870e-01
9.625652174327684607e-01
9.627391304762467072e-01
9.594347826086956355e-01
9.616521739130434732e-01
9.613913043478260478e-01
9.623478261284206248e-01
9.616521739130434732e-01
9.618260869979858851e-01
9.607826086956521294e-01
9.617391304347826519e-01
9.615652174120363771e-01
9.611304348240727879e-01
9.620434783023337211e-01
9.610434783023337202e-01
9.627391304762467072e-01
9.622608695652173916e-01
9.617826087371162957e-01
9.629130435197249538e-01
9.615652174120363771e-01
9.611739130849423773e-01
9.622173913458119676e-01
9.609130434782608976e-01
9.612608695652173907e-01
9.617391304762467064e-01
9.610869565217391441e-01
9.620434783023337211e-01
9.615217391718988704e-01
9.625652174327684607e-01
9.613913043685581306e-01
9.623043478260869810e-01
9.621304348033407061e-01
9.625217391511667886e-01
9.605652173913042935e-01
9.618260869772538024e-01
9.612173913043478013e-01
9.621739130434782128e-01
9.623913043478260487e-01
9.620434783023337211e-01
9.613913043478260478e-01
9.622173913043478022e-01
9.618695652173913091e-01
9.620869565217391450e-01
9.619999999999999662e-01
9.619565217805945423e-01
9.614347826294277199e-01
9.622608696066814460e-01
9.620869565217391450e-01
9.619130434782608985e-01
9.615652173913042944e-01
9.621739130849423782e-01
9.616521739545075276e-01
9.617391304347826519e-01
9.609130434989928693e-01
9.618695652173913091e-01
9.619565217598624596e-01
9.624782609110292819e-01
9.623043478260869810e-01
9.620000000414641317e-01
9.611304347826087335e-01
9.623913043478260487e-01
9.620434782816016384e-01
9.615652173913042944e-01
9.612608696066814451e-01
9.633478261284206257e-01
9.619565217805945423e-01
9.620434783023337211e-01
9.628695652173913100e-01
9.614782608695652266e-01
9.615217391718988704e-01
9.622608696066814460e-01
9.635652173913042962e-01
9.602608695652173898e-01
9.633913043892902150e-01
9.620869565424712277e-01
9.625652173913042953e-01
9.621739130434782128e-01
9.614782608695652266e-01
9.613913043685581306e-01
9.615652174120363771e-01
9.611739130434782119e-01
9.633913043892902150e-01
9.628260869565217206e-01
9.625217391304348169e-01
9.624347826501598036e-01
9.629130434782608994e-01
9.618260869979858851e-01
9.625652174327684607e-01
9.621304348033407061e-01
9.632173913043478031e-01
9.625652174327684607e-01
9.623913043892902142e-01
9.629565217805945432e-01
9.618260869565217197e-01
9.623478261076885421e-01
9.613478261284206239e-01
9.624782608695652275e-01
9.641739130434782146e-01
9.622608695652173916e-01
9.636521739130434749e-01
9.608260869565217188e-01
9.615217391511667877e-01
9.626956521739130634e-01
9.619565217805945423e-01
9.614782608695652266e-01
9.629130435197249538e-01
9.615652174327684598e-01
9.612173913458119667e-01
9.619130435197249529e-01
9.630869565424712286e-01
9.628695652173913100e-01
9.630000000414641326e-01
9.637826087163842148e-01
9.620000000207320490e-01
9.632173913043478031e-01
9.618260869565217197e-01
9.635652174327684616e-01
9.632608695652173925e-01
9.628260869565217206e-01
9.627391304762467072e-01
9.623478261284206248e-01
9.629130434989928711e-01
9.631739130642102964e-01
9.626521739545075285e-01
9.614347826086956372e-01
9.628695652588553644e-01
9.615217391304348160e-01
9.618695652588553635e-01
9.633478260869565712e-01
9.624782609110292819e-01
9.620869565217391450e-01
9.630000000207320499e-01
9.624347826086956381e-01
9.621739130434782128e-01
9.626956521946451462e-01
9.643043478675510372e-01
9.625217391511667886e-01
9.634347826086956390e-01
9.626521739545075285e-01
9.625217391511667886e-01
9.626956521946451462e-01
9.625652174120363780e-01
9.623478261284206248e-01
9.630434782608695565e-01
9.643913043892902159e-01
9.624347826501598036e-01
9.631304348240727897e-01
9.611739130849423773e-01
9.625217391718988713e-01
9.631304348240727897e-01
9.620000000414641317e-01
9.633913043685581323e-01
9.632173913043478031e-01
