9.176956521739130235e-01
9.446086956521738687e-01
9.491304348033406946e-01
9.510434783023337113e-01
9.522608695859494654e-01
9.515652174327684509e-01
9.518695652173913002e-01
9.532173913458119596e-01
9.541739130849423711e-01
9.536086956521738767e-01
9.548260869979858789e-01
9.562173913250798796e-01
9.558260869772537971e-01
9.545217391718988642e-01
9.565217391718988660e-01
9.556086956521738784e-01
9.549565217391304817e-01
9.570434783023337166e-01
9.580869565217391415e-01
9.572608695859494699e-01
9.589565217805945396e-01
9.595652174120363753e-01
9.600000000207320472e-01
9.594782609110292793e-01
9.580000000414641281e-01
9.588260869565217170e-01
9.582173913458119641e-01
9.590434782608695530e-01
9.576956521739130590e-01
9.576956521946451417e-01
9.596086956729059647e-01
9.598260869565217179e-01
9.588260869565217170e-01
9.579130435197249493e-01
9.596086956521738820e-01
9.585652174120363744e-01
9.599565217391304861e-01
9.582173913458119641e-01
9.586956521946451426e-01
9.591304348240727862e-01
9.587391304555146210e-01
9.576086956936380457e-01
9.594782609110292793e-01
9.589565217805945396e-01
9.601739130642102937e-01
9.597826087371162940e-01
9.587391304762467037e-01
9.595652174327684580e-01
9.595217391304348142e-01
9.583913043892902106e-01
9.585652173913044027e-01
9.595652174120363753e-01
9.580000000414641281e-01
9.597826086956521285e-01
9.601304348033407043e-01
9.590434782608695530e-01
9.590869565632031968e-01
9.590869565217391424e-01
9.581304347826087309e-01
9.593043478260869783e-01
9.593043478675510327e-01
9.593913043892902115e-01
9.600869565632031977e-01
9.602608696066814442e-01
9.595652174120363753e-01
9.594782609110292793e-01
9.582173913250798813e-01
9.579565217598624560e-01
9.590869565424712251e-01
9.596086956521738820e-01
9.581304348240727853e-01
9.578695652173913055e-01
9.599565217805945405e-01
9.586086956521738811e-01
9.576521739545075240e-01
9.590434782608695530e-01
9.601304348240727871e-01
9.596956521946451435e-01
9.590000000207320463e-01
9.588260869979858825e-01
9.589130434989928675e-01
9.593913043892902115e-01
9.586086956521738811e-01
9.587826087371162931e-01
9.593478260869565677e-01
9.589130434782608958e-01
9.594782608695652248e-01
9.587391304555146210e-01
9.593478261284206221e-01
9.593043478675510327e-01
9.587391304555146210e-01
9.602608695859494725e-01
9.576956521946451417e-01
9.607391304347826511e-01
9.604347826086956363e-01
9.597826086956521285e-01
9.596521739130434714e-01
9.593478261076885394e-01
9.589130435197249502e-01
9.595652174327684580e-01
9.588695652588553608e-01
9.582173913250798813e-01
9.590869565632031968e-01
9.590869565217391424e-01
9.586956521739130599e-01
9.593478261076885394e-01
9.593043478260869783e-01
9.582173913458119641e-01
9.579565217391304843e-01
9.592173913043477995e-01
9.590869565217391424e-01
9.589130435197249502e-01
9.576521739337755523e-01
9.591739130434782101e-01
9.574347826294277164e-01
9.586086956936380465e-01
9.587826087371162931e-01
9.590434782608695530e-01
9.586086956936380465e-01
9.600000000414641299e-01
9.601304347826087326e-01
9.593043478675510327e-01
9.595652173913042926e-01
9.580869565217391415e-01
9.607391304762467055e-01
9.585652174327684572e-01
9.588695652588553608e-01
9.604782608695652257e-01
9.576521739545075240e-01
9.590869565632031968e-01
9.600434782816016366e-01
9.579565217391304843e-01
9.587826086956521277e-01
9.590869565217391424e-01
9.595217391511667859e-01
9.592173913250798822e-01
9.587391304762467037e-01
9.576521739130434696e-01
9.576956521946451417e-01
9.591304347826087318e-01
9.591739130434782101e-01
9.594347826086956355e-01
9.595652173913042926e-01
9.596956521946451435e-01
9.587826087371162931e-01
9.600869565217391433e-01
9.593043478675510327e-01
9.586086956936380465e-01
9.593043478675510327e-01
9.584347826086956346e-01
9.586521739337755532e-01
9.589130435197249502e-01
9.594782608695652248e-01
9.595217391718988686e-01
9.584347826501598000e-01
9.586521739130434705e-01
9.576086956936380457e-01
9.591304348240727862e-01
9.583913043478260452e-01
9.593478260869565677e-01
9.587391304347826493e-01
9.584782609110292784e-01
9.594782609110292793e-01
9.586521739545075249e-01
9.596521739337755541e-01
9.595652174327684580e-01
9.598695652588553617e-01
9.589999999999999636e-01
9.580434782608695521e-01
9.596086956521738820e-01
9.596086956936380474e-01
9.594347826294277182e-01
9.583043478260869774e-01
9.587391304347826493e-01
9.581304348240727853e-01
9.587826087371162931e-01
9.592608696066814433e-01
9.585652174327684572e-01
9.588260869565217170e-01
9.597391304555146219e-01
9.596956521739130608e-01
9.580869565217391415e-01
9.575652174327684563e-01
9.589130434782608958e-01
9.589130434782608958e-01
9.594347826501598009e-01
9.590000000207320463e-01
9.587391304347826493e-01
9.597826086956521285e-01
9.589130434989928675e-01
9.597826087371162940e-01
9.601304347826087326e-01
9.585652173913044027e-01
9.600000000207320472e-01
9.587826086956521277e-01
9.586086956521738811e-01
9.597391304347826502e-01
9.596086956521738820e-01
9.581739130434782092e-01
9.591739130849423756e-01
9.596521739545075258e-01
9.581739130849423747e-01
9.608695652173913082e-01
9.582608696066814424e-01
9.586086956729059638e-01
9.586956522153771143e-01
9.588260869772537998e-01
9.600869565632031977e-01
9.601739130849423765e-01
9.596956522153771152e-01
9.578260869565217162e-01
9.600434782608695539e-01
9.587391304347826493e-01
9.586956521739130599e-01
9.594347826086956355e-01
9.595217391718988686e-01
9.604782609110292801e-01
9.608695652588553626e-01
9.590869565632031968e-01
9.589130434782608958e-01
9.590434783023337184e-01
9.594782608902973076e-01
9.599565217391304861e-01
9.600434783023337193e-01
9.590434782608695530e-01
9.583043478468190601e-01
9.582608696066814424e-01
9.608260869565217188e-01
9.587391304762467037e-01
9.594782608695652248e-01
9.587826086956521277e-01
9.590434782608695530e-01
9.601304347826087326e-01
9.591304347826087318e-01
9.594347826501598009e-01
9.599130435197249511e-01
9.589565217391304852e-01
9.606086956521738829e-01
9.591739130434782101e-01
9.593478261284206221e-01
9.586956522153771143e-01
9.585652173913044027e-01
9.579565217391304843e-01
9.572608696066814415e-01
9.594347826086956355e-01
9.602608695859494725e-01
9.586521739545075249e-01
9.587391304555146210e-01
9.595217391304348142e-01
9.582608695652173880e-01
9.596521739130434714e-01
9.585652173913044027e-01
9.599130434782608967e-01
9.592608695859494716e-01
9.599565217598624578e-01
9.594347826086956355e-01
9.590000000207320463e-01
9.584782608695652240e-01
9.596521739545075258e-01
9.583913043892902106e-01
9.575217391304348125e-01
9.586086956521738811e-01
9.586521739337755532e-01
9.590869565632031968e-01
9.586086956936380465e-01
9.598260869565217179e-01
9.597391304347826502e-01
9.590000000207320463e-01
9.582173913458119641e-01
9.593913043478260461e-01
9.584782609110292784e-01
9.593478261076885394e-01
9.583478260869565668e-01
9.591304348240727862e-01
9.599130434782608967e-01
9.589999999999999636e-01
9.600000000207320472e-01
9.592173913250798822e-01
9.583478260869565668e-01
9.603478260869565686e-01
9.586521739130434705e-01
9.586086956729059638e-01
9.597826087371162940e-01
9.613478261284206239e-01
9.614782609110292810e-01
9.597826087371162940e-01
9.601739130434782110e-01
9.591739130434782101e-01
9.590869565632031968e-01
9.580434783023337175e-01
9.592173913043477995e-01
9.600434783023337193e-01
9.603478260869565686e-01
9.603478261076885403e-01
9.587826087163842104e-01
9.601304348240727871e-01
9.593043478260869783e-01
9.576521739337755523e-01
9.591304348033407035e-01
9.600434782608695539e-01
