8.352173913043478004e-01
9.153043478675511047e-01
9.289130434989929519e-01
9.327391304762466806e-01
9.385217391511668783e-01
9.402608695859494548e-01
9.424347826294277031e-01
9.425652174327684429e-01
9.435652174120363611e-01
9.440869565217391290e-01
9.436086956521738678e-01
9.447391304555146085e-01
9.436086956936380332e-01
9.431739130434783069e-01
9.432608696066815401e-01
9.451304347826087193e-01
9.448260869565217046e-01
9.450869565217391299e-01
9.430434782816016215e-01
9.445652174120363620e-01
9.450434783023337060e-01
9.445217391718988553e-01
9.449565217805945272e-01
9.430869565632031826e-01
9.443043478260869650e-01
9.449130434782608834e-01
9.448260869979858700e-01
9.447826087163841979e-01
9.453913043478260336e-01
9.449565217805945272e-01
9.440434782608695397e-01
9.433478260869565535e-01
9.436086956729059505e-01
9.455217391511668845e-01
9.435652173913043894e-01
9.444347826294277048e-01
9.445217391511668836e-01
9.446086956729059514e-01
9.432173913043477853e-01
9.451739130434783087e-01
9.440869565424712118e-01
9.453913043478260336e-01
9.455652174327684456e-01
9.440434782816016224e-01
9.453913043685581163e-01
9.457826086956522271e-01
9.446521739337755408e-01
9.447391304762466913e-01
9.450869565632031843e-01
9.450000000207320339e-01
9.430869565217391282e-01
9.424782608695652097e-01
9.467391304762466930e-01
9.446956521739130475e-01
9.451304347826087193e-01
9.435652174120363611e-01
9.452173913250798698e-01
9.456086956936380350e-01
9.445652174120363620e-01
9.454782608695652124e-01
9.452608695859494592e-01
9.447826087163841979e-01
9.443913043478260327e-01
9.445217391718988553e-01
9.426521739337755390e-01
9.461304347826087202e-01
9.451304348240727737e-01
9.458260869772537882e-01
9.446521739130434581e-01
9.473043478675510221e-01
9.446521739545076235e-01
9.436086956936380332e-01
9.446521739337755408e-01
9.424347826501597858e-01
9.439130435197249369e-01
9.448695652588554594e-01
9.431739130434783069e-01
9.449130434782608834e-01
9.442608695652173756e-01
9.445217391511668836e-01
9.453913043478260336e-01
9.444347826501597876e-01
9.463913043685581172e-01
9.438695652173912931e-01
9.450869565632031843e-01
9.458260869565217055e-01
9.450434782816016233e-01
9.439130434989929652e-01
9.454782608902972951e-01
9.446086956936380341e-01
9.466086956521738704e-01
9.454347826086956230e-01
9.433478261284206079e-01
9.463913043478260345e-01
9.451739130849423631e-01
9.450434783023337060e-01
9.454782609110292668e-01
9.468260869979858718e-01
9.463478260869565561e-01
9.461304347826087202e-01
9.440434782608695397e-01
9.458260869979858709e-01
9.437391304762466904e-01
9.461739130434783096e-01
9.448260869772537873e-01
9.439999999999999503e-01
9.446521739545076235e-01
9.444347826294277048e-01
9.460869565217391308e-01
9.465652174327684465e-01
9.436086956936380332e-01
9.451304348240727737e-01
9.449130434782608834e-01
9.431304348240727720e-01
9.443478261076885261e-01
9.452173913458119525e-01
9.456956522153771028e-01
9.450434782816016233e-01
9.439565217805945263e-01
9.457826087371162815e-01
9.451739130434783087e-01
9.428695652588554577e-01
9.423913043478261420e-01
9.441304347826087184e-01
9.445652174327684447e-01
9.445652173913043903e-01
9.454347826086956230e-01
9.446521739337755408e-01
9.449565217391304728e-01
9.455652174120363629e-01
9.446956522153771019e-01
9.454782608902972951e-01
9.436086956521738678e-01
9.444782609110292659e-01
9.446956521739130475e-01
9.453913043892901991e-01
9.465217391718988571e-01
9.438260869565217037e-01
9.456521739545076244e-01
9.422173913458119499e-01
9.444782608695652115e-01
9.447391304555146085e-01
9.431739130434783069e-01
9.451304347826087193e-01
9.432608695859494574e-01
9.444782609110292659e-01
9.450869565632031843e-01
9.448695652173912940e-01
9.448260869979858700e-01
9.459130434782608843e-01
9.456956521739130483e-01
9.463478261284206106e-01
9.463043478260869668e-01
9.447826087371162807e-01
9.461739130642102813e-01
9.454347826086956230e-01
9.441739130434783078e-01
9.448695652588554594e-01
9.439130434782608825e-01
9.452173913458119525e-01
9.436521739545076226e-01
9.438260869979858692e-01
9.444347826501597876e-01
9.454782608695652124e-01
9.450000000207320339e-01
9.436086956936380332e-01
9.439999999999999503e-01
9.459130434782608843e-01
9.440869565217391290e-01
9.449999999999999512e-01
9.446956521739130475e-01
9.452173913250798698e-01
9.448260869979858700e-01
9.451304348240727737e-01
9.450000000207320339e-01
9.450434783023337060e-01
9.446521739545076235e-01
9.451739130434783087e-01
9.453043478675510203e-01
9.440869565217391290e-01
9.435217391718988544e-01
9.437826086956522254e-01
9.445217391718988553e-01
9.466086956729059532e-01
9.429999999999999494e-01
9.469565217805945290e-01
9.437391304555146077e-01
9.453043478468190486e-01
9.442173913458119516e-01
9.431739130642102786e-01
9.453043478260869659e-01
9.459999999999999520e-01
9.425217391511668819e-01
9.442608695652173756e-01
9.442608696066815410e-01
9.453043478468190486e-01
9.450434783023337060e-01
9.451739130434783087e-01
9.459130435197249387e-01
9.461739130849423640e-01
9.458695652173912949e-01
9.444347826501597876e-01
9.467826087371162824e-01
9.423913043478261420e-01
9.446956521739130475e-01
9.441739130434783078e-01
9.453913043892901991e-01
9.455217391304348018e-01
9.448260869565217046e-01
9.440869565632031835e-01
9.451304348240727737e-01
9.455652173913043912e-01
9.439130434782608825e-01
9.432173913250798680e-01
9.460869565217391308e-01
9.449130434782608834e-01
9.430869565217391282e-01
9.445652173913043903e-01
9.456521739545076244e-01
9.455217391511668845e-01
9.431739130642102786e-01
9.433913043685581146e-01
9.463913043478260345e-01
9.449565217391304728e-01
9.455652173913043912e-01
9.444347826501597876e-01
9.444782608695652115e-01
9.448260869979858700e-01
9.434782608695652106e-01
9.439130434782608825e-01
9.450434783023337060e-01
9.462173913043477880e-01
9.446086956521738687e-01
9.452608696066815419e-01
9.450000000414641166e-01
9.453043478468190486e-01
9.458260869565217055e-01
9.458695652588554603e-01
9.443913043685581155e-01
9.444782609110292659e-01
9.457391304555146094e-01
9.459565217598624454e-01
9.444347826501597876e-01
9.462608696066815428e-01
9.444782609110292659e-01
9.453913043478260336e-01
9.453478261284206097e-01
9.453043478675510203e-01
9.452608695859494592e-01
9.446521739545076235e-01
9.453043478260869659e-01
9.446521739545076235e-01
9.460000000414641175e-01
9.446956521946451302e-01
9.442173913043477862e-01
9.469565217805945290e-01
9.447826087163841979e-01
9.436521739545076226e-01
9.431304347826087175e-01
9.432608695652173747e-01
9.450000000207320339e-01
9.440000000414641157e-01
9.456086956936380350e-01
9.450434783023337060e-01
9.454347826294277057e-01
9.438260869979858692e-01
9.440434782816016224e-01
9.443043478675510194e-01
9.441304348240727728e-01
9.460434783023337069e-01
9.477391304762466939e-01
9.436956521946451293e-01
9.453043478260869659e-01
9.452173913250798698e-01
9.453043478468190486e-01
9.454347826294277057e-01
9.448260869565217046e-01
9.460869565632031852e-01
9.452173913043477871e-01
9.456086956521738696e-01
9.462608696066815428e-01
9.433478260869565535e-01
9.457391304762466921e-01
9.450434782608695405e-01
9.451304348240727737e-01
9.457826087371162815e-01
9.451304348033406910e-01
9.449999999999999512e-01
9.433913043478260319e-01
9.443043478675510194e-01
9.457826087371162815e-01
9.451304347826087193e-01
9.477391304762466939e-01
9.449565217805945272e-01
9.452173913043477871e-01
9.436956521946451293e-01
9.441739130642102795e-01
9.452173913250798698e-01
9.429130435197249360e-01
9.446956521739130475e-01
