9.136086956521739522e-01
9.442173913043477862e-01
9.491304347826087229e-01
9.507391304762466966e-01
9.509565217598624498e-01
9.523913043892902053e-01
9.523478260869565615e-01
9.539130434782608914e-01
9.548695652588553573e-01
9.545217391511667815e-01
9.544347826086956310e-01
9.555217391718988651e-01
9.566086956936380448e-01
9.551304348240727826e-01
9.563478260869565650e-01
9.569999999999999618e-01
9.580434783023337175e-01
9.584782609110292784e-01
9.580434782608695521e-01
9.573478261076885376e-01
9.569565217391304834e-01
9.560869565632031941e-01
9.565652174120363727e-01
9.567391304347826475e-01
9.568260869565217153e-01
9.574782608902973058e-01
9.572173913043477977e-01
9.569130434782608940e-01
9.563913043685581261e-01
9.569565217391304834e-01
9.573913043892902097e-01
9.582173913458119641e-01
9.579999999999999627e-01
9.576521739130434696e-01
9.570869565217391406e-01
9.583478261076885385e-01
9.573043478260869765e-01
9.580434782816016348e-01
9.580869565217391415e-01
9.574347826501597991e-01
9.556521739130434678e-01
9.568260869979858807e-01
9.572173913458119632e-01
9.573043478675510309e-01
9.586521739130434705e-01
9.573478261284206203e-01
9.570000000207320445e-01
9.579565217805945387e-01
9.569565217391304834e-01
9.573043478468190592e-01
9.589565217805945396e-01
9.576086956936380457e-01
9.574782608695652231e-01
9.561739130642102902e-01
9.588260869565217170e-01
9.577391304555146201e-01
9.579565217391304843e-01
9.580434782816016348e-01
9.563043478675510300e-01
9.575217391304348125e-01
9.568260869772537980e-01
9.583913043478260452e-01
9.576956521739130590e-01
9.572173913458119632e-01
9.591739130849423756e-01
9.583043478260869774e-01
9.580000000207320454e-01
9.576956521739130590e-01
9.575217391304348125e-01
9.580000000207320454e-01
9.567391304762467019e-01
9.581304347826087309e-01
9.565217391718988660e-01
9.562608695859494690e-01
9.584347826501598000e-01
9.591304348240727862e-01
9.576521739130434696e-01
9.572173913458119632e-01
9.588695652588553608e-01
9.581739130434782092e-01
9.573043478675510309e-01
9.571739130434782084e-01
9.583913043892902106e-01
9.575217391511667842e-01
9.573478261284206203e-01
9.566086956936380448e-01
9.570869565217391406e-01
9.574782608902973058e-01
9.574347826086956337e-01
9.573043478675510309e-01
9.572608695652173871e-01
9.573043478260869765e-01
9.579130435197249493e-01
9.570869565632031950e-01
9.576086956521738802e-01
9.581739130434782092e-01
9.570869565424712233e-01
9.581739130849423747e-01
9.569130434989928657e-01
9.573478261284206203e-01
9.575652173913044019e-01
9.580434782816016348e-01
9.580869565424712242e-01
9.575217391718988669e-01
9.561739130849423729e-01
9.577391304555146201e-01
9.554782608695652213e-01
9.577826086956521268e-01
9.576521739130434696e-01
9.584782608695652240e-01
9.555652173913044001e-01
9.575217391511667842e-01
9.571739130434782084e-01
9.592173913043477995e-01
9.564347826501597982e-01
9.579565217805945387e-01
9.575652173913044019e-01
9.567391304347826475e-01
9.565652174120363727e-01
9.583478261076885385e-01
9.575217391718988669e-01
9.579565217805945387e-01
9.568260869979858807e-01
9.575217391304348125e-01
9.574782608695652231e-01
9.574782609110292775e-01
9.576521739130434696e-01
9.586086956729059638e-01
9.557826086956521250e-01
9.579565217805945387e-01
9.572173913250798805e-01
9.568695652381233874e-01
9.581304348240727853e-01
9.564782608902973049e-01
9.572173913043477977e-01
9.580000000414641281e-01
9.552173913458119614e-01
9.582608695859494707e-01
9.564782608902973049e-01
9.585217391718988678e-01
9.576521739130434696e-01
9.585652173913044027e-01
9.584347826294277173e-01
9.577391304347826484e-01
9.567826087163842086e-01
9.586521739545075249e-01
9.579999999999999627e-01
9.576521739130434696e-01
9.578260869565217162e-01
9.572173913458119632e-01
9.574782608695652231e-01
9.566521739130434687e-01
9.586521739130434705e-01
9.570000000414641272e-01
9.563478260869565650e-01
9.579565217391304843e-01
9.559565217391304826e-01
9.585217391718988678e-01
9.574347826086956337e-01
9.577826087371162922e-01
9.579999999999999627e-01
9.577391304347826484e-01
9.582608695859494707e-01
9.573913043685581270e-01
9.571304348033407017e-01
9.560869565217391397e-01
9.590000000207320463e-01
9.579999999999999627e-01
9.574782609110292775e-01
9.577826087371162922e-01
9.573478260869565659e-01
9.584782609110292784e-01
9.581304347826087309e-01
9.573043478260869765e-01
9.562608695652173862e-01
9.590869565217391424e-01
9.566521739337755514e-01
9.577391304347826484e-01
9.569565217391304834e-01
9.571304347826087300e-01
9.574347826294277164e-01
9.572173913458119632e-01
9.569565217805945379e-01
9.570434783023337166e-01
9.579565217391304843e-01
9.569130434782608940e-01
9.576521739337755523e-01
9.573478260869565659e-01
9.581304348240727853e-01
9.586956521739130599e-01
9.583913043892902106e-01
9.583043478675510318e-01
9.572608695859494699e-01
9.567826086956521259e-01
9.571304347826087300e-01
9.583043478260869774e-01
9.563043478675510300e-01
9.564782608695652222e-01
9.579130434989928666e-01
9.584347826501598000e-01
9.578695652173913055e-01
9.567391304347826475e-01
9.566521739545076342e-01
9.580434782816016348e-01
9.576086956936380457e-01
9.580434782608695521e-01
9.583043478260869774e-01
9.583043478675510318e-01
9.577826086956521268e-01
9.580869565632031959e-01
9.575652173913044019e-01
9.585217391718988678e-01
9.582173913458119641e-01
9.567391304762467019e-01
9.579565217805945387e-01
9.575652173913044019e-01
9.568695652173913047e-01
9.572608696066814415e-01
9.577391304762467028e-01
9.578695652588553600e-01
9.563913043478260434e-01
9.564347826086956328e-01
9.579130434989928666e-01
9.587391304555146210e-01
9.562173913458119623e-01
9.570869565632031950e-01
9.580869565217391415e-01
9.589565217391304852e-01
9.587826087371162931e-01
9.583478260869565668e-01
9.561739130434782075e-01
9.563478260869565650e-01
9.586521739337755532e-01
9.576956521946451417e-01
9.570869565632031950e-01
9.575652174120363735e-01
9.566521739337755514e-01
9.566956521739130581e-01
9.589565217391304852e-01
9.575652174327684563e-01
9.575217391304348125e-01
9.569130435197249485e-01
9.572173913043477977e-01
9.574347826086956337e-01
9.591304347826087318e-01
9.578260869565217162e-01
9.577826087371162922e-01
9.584347826501598000e-01
9.567391304555146192e-01
9.566956521946451408e-01
9.565217391304348116e-01
9.576086956936380457e-01
9.576521739130434696e-01
9.578260869979858816e-01
9.577826087371162922e-01
9.587826086956521277e-01
9.583913043892902106e-01
9.584347826501598000e-01
9.571304348240727844e-01
9.588695652381233892e-01
9.570000000207320445e-01
9.580869565632031959e-01
9.569130435197249485e-01
9.575652174327684563e-01
9.572173913250798805e-01
9.574347826294277164e-01
9.586086956936380465e-01
9.566956522153771125e-01
9.577826087371162922e-01
9.564782608695652222e-01
9.587391304762467037e-01
9.574347826086956337e-01
9.582608695859494707e-01
9.576086956729059629e-01
9.581739130849423747e-01
9.582608695652173880e-01
9.565217391304348116e-01
9.573478260869565659e-01
9.566521739130434687e-01
9.574782608695652231e-01
9.573913043478260443e-01
9.566086956936380448e-01
9.575217391718988669e-01
9.572173913043477977e-01
9.576086956729059629e-01
9.585652173913044027e-01
9.579130434782608949e-01
9.567826087371162913e-01
9.584347826086956346e-01
9.568260869772537980e-01
9.587826087163842104e-01
9.579565217598624560e-01
9.591304347826087318e-01
9.566956522153771125e-01
9.585217391511667850e-01
9.570000000414641272e-01
9.576521739545075240e-01
9.586956521739130599e-01
9.580869565217391415e-01
9.565652173913044010e-01
