9.169565217805945023e-01
9.429130435197249360e-01
9.483043478260869685e-01
9.504347826501597929e-01
9.522608695652173827e-01
9.541304347826087273e-01
9.549130434989929750e-01
9.552173913458119614e-01
9.553913043478260425e-01
9.569565217391304834e-01
9.590000000414641290e-01
9.592173913043477995e-01
9.591739130434782101e-01
9.573478261284206203e-01
9.586521739337755532e-01
9.583478260869565668e-01
9.596521739337755541e-01
9.586521739337755532e-01
9.597826086956521285e-01
9.598695652173913073e-01
9.598695652588553617e-01
9.598695652588553617e-01
9.596086956521738820e-01
9.603913043478260469e-01
9.581739130434782092e-01
9.593043478468190610e-01
9.586956521739130599e-01
9.601304348033407043e-01
9.589565217805945396e-01
9.593913043685581288e-01
9.585652174327684572e-01
9.606086956729059656e-01
9.599130434989928684e-01
9.588260869979858825e-01
9.594782609110292793e-01
9.593478261284206221e-01
9.586956521739130599e-01
9.601739130849423765e-01
9.585217391304348133e-01
9.597826087371162940e-01
9.591739130434782101e-01
9.601304348240727871e-01
9.596521739130434714e-01
9.582608696066814424e-01
9.595652174327684580e-01
9.594782609110292793e-01
9.574782609110292775e-01
9.609130434782608976e-01
9.588695652173913064e-01
9.593043478260869783e-01
9.602608695652173898e-01
9.606521739130434723e-01
9.602173913043478004e-01
9.594347826086956355e-01
9.593913043892902115e-01
9.592608695652173889e-01
9.595652173913042926e-01
9.591739130434782101e-01
9.592173913250798822e-01
9.599130434782608967e-01
9.601739130642102937e-01
9.592173913043477995e-01
9.592608695652173889e-01
9.593913043892902115e-01
9.601739130642102937e-01
9.587826086956521277e-01
9.591304347826087318e-01
9.601739130434782110e-01
9.594347826086956355e-01
9.585217391304348133e-01
9.600434782608695539e-01
9.591304348240727862e-01
9.602173913458119658e-01
9.595652173913042926e-01
9.593913043478260461e-01
9.594347826501598009e-01
9.585652174327684572e-01
9.603043478260869792e-01
9.605217391511667868e-01
9.588260869565217170e-01
9.593913043892902115e-01
9.597391304762467046e-01
9.595217391718988686e-01
9.605217391304348151e-01
9.595652174120363753e-01
9.598695652588553617e-01
9.603478260869565686e-01
9.604782609110292801e-01
9.598695652588553617e-01
9.596086956936380474e-01
9.586521739545075249e-01
9.591304348240727862e-01
9.591739130434782101e-01
9.603913043892902124e-01
9.601739130434782110e-01
9.593478261284206221e-01
9.597391304762467046e-01
9.589565217598624569e-01
9.602173913458119658e-01
9.592173913458119650e-01
9.600000000207320472e-01
9.593478261284206221e-01
9.593913043892902115e-01
9.587826087371162931e-01
9.607826087371162949e-01
9.607826087163842121e-01
9.603478260869565686e-01
9.596086956521738820e-01
9.602173913043478004e-01
9.587391304347826493e-01
9.594782608902973076e-01
9.596956522153771152e-01
9.600434782608695539e-01
9.592173913043477995e-01
9.597391304347826502e-01
9.598695652173913073e-01
9.598260869565217179e-01
9.598695652381233900e-01
9.590869565424712251e-01
9.590434782608695530e-01
9.598695652173913073e-01
9.600434782608695539e-01
9.597391304555146219e-01
9.594782609110292793e-01
9.607826086956521294e-01
9.596521739545075258e-01
9.597391304347826502e-01
9.586086956729059638e-01
9.593043478675510327e-01
9.593043478468190610e-01
9.594782608902973076e-01
9.594782608902973076e-01
9.590434782608695530e-01
9.593478261284206221e-01
9.594347826086956355e-01
9.596086956521738820e-01
9.599565217391304861e-01
9.591739130849423756e-01
9.602173913043478004e-01
9.603043478260869792e-01
9.586521739130434705e-01
9.583913043892902106e-01
9.595652173913042926e-01
9.603043478675510336e-01
9.596521739337755541e-01
9.590434783023337184e-01
9.600869565424712260e-01
9.592173913458119650e-01
9.601739130642102937e-01
9.610000000207320481e-01
9.600869565632031977e-01
9.595652173913042926e-01
9.597826086956521285e-01
9.590869565217391424e-01
9.597826087371162940e-01
9.594347826086956355e-01
9.599130435197249511e-01
9.596956522153771152e-01
9.595217391718988686e-01
9.613478261076885412e-01
9.596086956521738820e-01
9.607826087371162949e-01
9.601739130642102937e-01
9.603043478675510336e-01
9.591739130849423756e-01
9.597826087371162940e-01
9.593913043892902115e-01
9.591739130642102928e-01
9.593478261284206221e-01
9.596956521739130608e-01
9.597391304762467046e-01
9.590434782608695530e-01
9.599565217391304861e-01
9.600869565632031977e-01
9.591739130434782101e-01
9.610000000414641308e-01
9.599565217805945405e-01
9.600434782608695539e-01
9.590869565217391424e-01
9.596086956729059647e-01
9.600000000414641299e-01
9.592173913250798822e-01
9.596956521739130608e-01
9.596521739545075258e-01
9.589130434782608958e-01
9.587826086956521277e-01
9.609130435197249520e-01
9.589130435197249502e-01
9.587391304762467037e-01
9.592608696066814433e-01
9.588695652381233892e-01
9.608260869979858843e-01
9.584347826501598000e-01
9.588695652381233892e-01
9.602173913458119658e-01
9.596086956936380474e-01
9.596086956936380474e-01
9.598695652588553617e-01
9.603913043685581297e-01
9.595217391304348142e-01
9.597391304347826502e-01
9.591304347826087318e-01
9.591739130849423756e-01
9.600869565632031977e-01
9.596956522153771152e-01
9.593478260869565677e-01
9.597826086956521285e-01
9.603043478260869792e-01
9.610434782608695548e-01
9.590000000207320463e-01
9.604782609110292801e-01
9.602173913043478004e-01
9.597391304762467046e-01
9.600869565217391433e-01
9.598695652173913073e-01
9.614782609110292810e-01
9.604782609110292801e-01
9.594782608695652248e-01
9.605217391304348151e-01
9.600000000207320472e-01
9.594347826086956355e-01
9.584347826086956346e-01
9.604782609110292801e-01
9.606086956521738829e-01
9.589999999999999636e-01
9.605217391718988695e-01
9.601739130642102937e-01
9.593043478675510327e-01
9.596086956729059647e-01
9.602173913043478004e-01
9.600434782816016366e-01
9.596086956521738820e-01
9.599565217805945405e-01
9.602608696066814442e-01
9.606956521739130617e-01
9.604347826086956363e-01
9.597391304347826502e-01
9.591739130434782101e-01
9.584782608695652240e-01
9.592608695652173889e-01
9.603913043478260469e-01
9.592608695652173889e-01
9.606086956936380483e-01
9.604347826501598018e-01
9.601739130434782110e-01
9.597391304762467046e-01
9.604347826294277191e-01
9.608260869772538015e-01
9.609999999999999654e-01
9.602608696066814442e-01
9.603478261284206230e-01
9.593043478260869783e-01
9.600869565632031977e-01
9.611739130434782119e-01
9.596956522153771152e-01
9.598695652588553617e-01
9.595652173913042926e-01
9.591739130434782101e-01
9.604782609110292801e-01
9.603478261284206230e-01
9.606086956936380483e-01
9.597391304762467046e-01
9.596956521739130608e-01
9.590869565424712251e-01
9.595217391718988686e-01
9.602173913250798831e-01
9.593478261284206221e-01
9.606086956936380483e-01
9.597391304347826502e-01
9.601739130434782110e-01
9.593478260869565677e-01
9.599999999999999645e-01
9.608695652381233909e-01
9.590869565632031968e-01
9.600869565632031977e-01
9.594347826294277182e-01
9.615217391718988704e-01
9.590869565217391424e-01
9.591739130849423756e-01
9.593478260869565677e-01
9.603478261076885403e-01
9.601304347826087326e-01
9.608695652588553626e-01
9.596521739130434714e-01
9.594782609110292793e-01
9.608695652173913082e-01
9.612608696066814451e-01
9.611304347826087335e-01
9.614347826501598027e-01
9.594782609110292793e-01
9.597391304347826502e-01
9.596521739545075258e-01
9.600000000207320472e-01
9.609130434989928693e-01
9.609565217805945414e-01
9.603913043685581297e-01
9.605217391304348151e-01
9.601304347826087326e-01
9.593478260869565677e-01
9.598260869979858834e-01
