3.897787387941194504e-01
2.502480572099270995e-01
2.259781367882438274e-01
2.178851778921873650e-01
2.040844122430552632e-01
2.042432813126107971e-01
1.954511057397593510e-01
1.958876288507295782e-01
1.960514864247778211e-01
1.974188881127730555e-01
1.934942526091699977e-01
1.901238633135090839e-01
1.908963488508825801e-01
1.940596481665320949e-01
1.941923617383708167e-01
1.920748668533304448e-01
1.950283074741778200e-01
1.954975070927454095e-01
1.910311826882155062e-01
1.942733433531678156e-01
1.932906900281491369e-01
1.930602159500122150e-01
1.952504647115002601e-01
1.964843292288158128e-01
1.880882251832796115e-01
1.926086526435354385e-01
1.913342413928197649e-01
1.918908450085183848e-01
1.917225592382576227e-01
1.908909772893656875e-01
1.909501980828202383e-01
1.897876248877981564e-01
1.906393219284389373e-01
1.914234196932419474e-01
1.935560001925281937e-01
1.951978135627248923e-01
1.898946985058162507e-01
1.887821635267008802e-01
1.952257644352705657e-01
1.917926203686257935e-01
1.925290847031966568e-01
1.914588631935741636e-01
1.909250742559847613e-01
1.923665142162986341e-01
1.908168406279190654e-01
1.866863497340160993e-01
1.901915794766467493e-01
1.958651563525199979e-01
1.908143599862637818e-01
1.948270584085713131e-01
1.924265680274237778e-01
1.937296218846155382e-01
1.899811192699100704e-01
1.923520046187483790e-01
1.916067439576853992e-01
1.909044171105260534e-01
1.905127670142961471e-01
1.910710011020950727e-01
1.894900140244027975e-01
1.905676527204720749e-01
1.898077565690745594e-01
1.906971374594647051e-01
1.888490958576617140e-01
1.923937021493911659e-01
1.922149144255596576e-01
1.894778362875399469e-01
1.920789331664209676e-01
1.890103604586227948e-01
1.953866294829741668e-01
1.887972786685694904e-01
1.898467717650144104e-01
1.891688135499539625e-01
1.923040060789688865e-01
1.952005181753116991e-01
1.903130854523700233e-01
1.926476206079773268e-01
1.927066092594810209e-01
1.919966917297114550e-01
1.935520192695700525e-01
1.908145568163498451e-01
1.919391635811847074e-01
1.887215358951817301e-01
1.873722657742707687e-01
1.949391932772553404e-01
1.921433420077614251e-01
1.936997186826623085e-01
1.918983279518459151e-01
1.932304878545844096e-01
1.890179151348445608e-01
1.892766564358835668e-01
1.917941618043443319e-01
1.914207231557887579e-01
1.930162658898726680e-01
1.926937069089516286e-01
1.931808030397995646e-01
1.925616161304971319e-01
1.902772585801456307e-01
1.892193420192469777e-01
1.866505978237027741e-01
1.909049667586451005e-01
1.966064270423806271e-01
1.904774186429770144e-01
1.911390982140665495e-01
1.902193062279535496e-01
1.898804622629414462e-01
1.952837712661079639e-01
1.917102111500242345e-01
1.909100993716198458e-01
1.895841360131035602e-01
1.893828506832537506e-01
1.918787309397821939e-01
1.911978211480638290e-01
1.922907301861306872e-01
1.932939437420471973e-01
1.923315282697262985e-01
1.898984665870666610e-01
1.934764508527258287e-01
1.909834351021310606e-01
1.860501167929690947e-01
1.874300732094308641e-01
1.917097752962423352e-01
1.925646930103716570e-01
1.951000200665515272e-01
1.903070670210796900e-01
1.921558895836705805e-01
1.901173936102701356e-01
1.908877026853354197e-01
1.919601957694343775e-01
1.895125116705894397e-01
1.890099029489185622e-01
1.922858074333356759e-01
1.912298676449319668e-01
1.938844189617944802e-01
1.916068429584088517e-01
1.891474964618682919e-01
1.916695873322694088e-01
1.890599797756775668e-01
1.931409862559774759e-01
1.876085522693136387e-01
1.942746042816535235e-01
1.909432339564613723e-01
1.931183900625809413e-01
1.924907778138699732e-01
1.905610244351884641e-01
1.942761044191277653e-01
1.933449425749156902e-01
1.901412533055181209e-01
1.936942153080649931e-01
1.906715133656626260e-01
1.905724745885185589e-01
1.929132926567740935e-01
1.892909305043842527e-01
1.886709785280020479e-01
1.919151838188586090e-01
1.901396547815074056e-01
1.896839666159256532e-01
1.904797521181728626e-01
1.905846303519995455e-01
1.929990800152654173e-01
1.928168345508368131e-01
1.914224908040917383e-01
1.905084479036538436e-01
1.915693000503208288e-01
1.918261149000862475e-01
1.921829617230788601e-01
1.898024303964946646e-01
1.927255358903304516e-01
1.956683776624824622e-01
1.937627159719881864e-01
1.905250611357066914e-01
1.884957750439643920e-01
1.917037373833034297e-01
1.932810152250787616e-01
1.955462641405022739e-01
1.914227988668110170e-01
1.891963720114334668e-01
1.913570656413617344e-01
1.912752435544262664e-01
1.882483819204827935e-01
1.933846128194228464e-01
1.940850259739419770e-01
1.914790664172690837e-01
1.903315821756487169e-01
1.899889171745466065e-01
1.933316194907478691e-01
1.888601132216660983e-01
1.918807550772376747e-01
1.923037807112154829e-01
1.903900559052177088e-01
1.961388835906982542e-01
1.903080202703890667e-01
1.888548058012257391e-01
1.959392597364342792e-01
1.903484617419864688e-01
1.954976277817850605e-01
1.936134120536887049e-01
1.919104416111241107e-01
1.853672794466433293e-01
1.893012564609879989e-01
1.920366905772167565e-01
1.887709126316982899e-01
1.908094975715098063e-01
1.890173086187113827e-01
1.927340418333592653e-01
1.918250752195068132e-01
1.956629347904868810e-01
1.925070065726404711e-01
1.889052393203196345e-01
1.926081245023271438e-01
1.883725904589113875e-01
1.912503452922987013e-01
1.914824241192444598e-01
1.911912130441354718e-01
1.928727575540542527e-01
1.917315079336580907e-01
1.887477334284264063e-01
1.917323646027108974e-01
1.912184701639672857e-01
1.907640696919482570e-01
1.897895720108695727e-01
1.937100139700848045e-01
1.894587207773457405e-01
1.894528207986251045e-01
1.896031581020873602e-01
1.903915064386699496e-01
1.927411185347515654e-01
1.913842048230378623e-01
1.924237929375275380e-01
1.899133964828823018e-01
1.938681066969166755e-01
1.883886870301288152e-01
1.944887074905893021e-01
1.927926441845686512e-01
1.878615822170091598e-01
1.879142102262248148e-01
1.882558683312457459e-01
1.903956602500832540e-01
1.886292577256327152e-01
1.919227411332337652e-01
1.889728760822959597e-01
1.906688611611075945e-01
1.901797667689945348e-01
1.961212171186571540e-01
1.885826106719348805e-01
1.925619996993438166e-01
1.902572139812552521e-01
1.918080671455549280e-01
1.911067427008048270e-01
1.920461354929468012e-01
1.921588018795718222e-01
1.930920578811479715e-01
1.918529674229414450e-01
1.872114025121149883e-01
1.880834352762802697e-01
1.934354954517406022e-01
1.878376378650250533e-01
1.922493806092635538e-01
1.919495912012846583e-01
1.914178539255390887e-01
1.939850072653397373e-01
1.907920564464900826e-01
1.926053303920704507e-01
1.885048512635023599e-01
1.934458835228629603e-01
1.921391150225763844e-01
1.929146914844927507e-01
1.907801364608432970e-01
1.935492100352826372e-01
1.889113211631774925e-01
1.939718792075696141e-01
1.897021933379380576e-01
1.947083327355592086e-01
1.915376820356949616e-01
1.919770715029343322e-01
1.910069460972495803e-01
1.916797705681427544e-01
1.912586952810702012e-01
1.891564214955205603e-01
1.903685805149700205e-01
1.916256573096565552e-01
1.880580807820610434e-01
1.940951289042182615e-01
1.900665607452392547e-01
1.919080435400423723e-01
1.899307224854178966e-01
1.895374844177909468e-01
1.950771661841350924e-01
1.936813928977302868e-01
1.912829227784405561e-01
1.924575570562611360e-01
1.910194548834925066e-01
1.878973879010781001e-01
1.905416391310484625e-01
1.906258188330608727e-01
1.936306873508121529e-01
1.913772437572479335e-01
1.917375637759333173e-01
1.918468459481778299e-01
1.958981496717618898e-01
1.906338820923929589e-01
