2.521721600034962374e-01
1.982341585055641398e-01
1.887735197129456755e-01
1.775032708541206816e-01
1.768216171627459421e-01
1.732574089428652875e-01
1.689194519001504524e-01
1.652008315013802631e-01
1.661891669320023635e-01
1.626119552306506955e-01
1.641469115899956699e-01
1.575238056727077673e-01
1.501024883907774166e-01
1.536618536036947480e-01
1.520487027427424587e-01
1.468736724749855338e-01
1.513054832893869217e-01
1.456432540675868248e-01
1.499195817397988295e-01
1.508229959373888762e-01
1.494603922885397174e-01
1.459351271028103969e-01
1.432244606860305913e-01
1.487484604223914819e-01
1.474139761302782070e-01
1.450598786343698932e-01
1.493619569928749669e-01
1.463965203917544922e-01
1.460681434299634929e-01
1.486952043953149172e-01
1.442239172873289732e-01
1.442782550739205305e-01
1.465622850915659914e-01
1.439478704475838089e-01
1.447655612178470885e-01
1.446643724441528389e-01
1.456684119131254063e-01
1.449445437879666176e-01
1.467775713671808646e-01
1.480746279903080165e-01
1.436107109163118345e-01
1.478039271520531772e-01
1.470484603176946126e-01
1.438429638665655319e-01
1.446164215025694533e-01
1.421699356203493803e-01
1.451089050303334682e-01
1.475401769099028149e-01
1.473341435090355367e-01
1.465911558192709296e-01
1.470769167335136962e-01
1.446084439858146276e-01
1.469429312840752067e-01
1.451831334259199024e-01
1.453056519497995802e-01
1.464290381359017457e-01
1.438090068827504731e-01
1.420145533292190010e-01
1.464924278051956963e-01
1.446217495565829125e-01
1.415608902651330769e-01
1.459605475145837605e-01
1.455679617653722335e-01
1.449544953885285870e-01
1.461085806722226266e-01
1.434248795690743761e-01
1.450068231510079353e-01
1.438180053389590818e-01
1.457450603194858640e-01
1.430123711630054140e-01
1.455302543743796917e-01
1.447216933887937873e-01
1.430852567216624460e-01
1.440735632569893621e-01
1.435364919304847608e-01
1.450372078211411286e-01
1.468029859662055847e-01
1.425672633647918630e-01
1.435402656897254714e-01
1.414115576122118023e-01
1.446656913226065377e-01
1.448912105508472492e-01
1.452487151396015530e-01
1.433910036449846936e-01
1.449593135999596716e-01
1.395289683393809987e-01
1.427456127975298139e-01
1.433371854243071231e-01
1.433894624502762560e-01
1.439043295901754616e-01
1.421127238480941191e-01
1.433578752745752749e-01
1.429371914345285155e-01
1.407914506559786727e-01
1.409999117384786171e-01
1.421777824474417529e-01
1.439045531438744585e-01
1.400390414984329923e-01
1.411988966102185328e-01
1.394619624122329371e-01
1.417470205063405264e-01
1.383535071611404488e-01
1.397798931054446969e-01
1.410671207567919805e-01
1.458432147295578574e-01
1.416564465139223128e-01
1.439433857902236713e-01
1.416576696997103590e-01
1.436625044864157097e-01
1.417326070303502328e-01
1.431894048918848361e-01
1.398312987270562413e-01
1.398364221894222714e-01
1.425169224505839216e-01
1.399086749035379218e-01
1.427308332920074474e-01
1.430071462813926886e-01
1.430240491058515362e-01
1.427432168618492370e-01
1.405061811519705828e-01
1.391032262366750927e-01
1.432938008982202194e-01
1.409541277846564356e-01
1.426007926386335667e-01
1.404433398480000594e-01
1.430070445382076727e-01
1.438370357518610754e-01
1.402075739036435786e-01
1.426017842305743188e-01
1.439047693662021399e-01
1.409750002648519351e-01
1.404966061892716778e-01
1.407273336545280806e-01
1.427983243115570344e-01
1.400153037180071336e-01
1.417728345083153763e-01
1.385811834076176585e-01
1.385335576897082088e-01
1.428252837722716051e-01
1.430915787945623019e-01
1.418823118572649644e-01
1.394548823522484826e-01
1.401726708826811496e-01
1.416546026520107138e-01
1.428358485906020547e-01
1.409768508724544289e-01
1.414574630752853668e-01
1.391607828295749194e-01
1.411961367596750727e-01
1.430423299683176996e-01
1.378213056947873993e-01
1.408636546549589807e-01
1.376864504140356271e-01
1.418863686996957585e-01
1.369614318272341924e-01
1.393650747382122468e-01
1.427097688628279626e-01
1.384437899382218173e-01
1.396747445904690244e-01
1.386705521396968677e-01
1.405557525209758518e-01
1.386914981642494993e-01
1.376170622784158581e-01
1.361888318942940657e-01
1.410949369772620809e-01
1.395792858976384887e-01
1.372544923761616631e-01
1.403402715869571937e-01
1.398484181334143095e-01
1.407386345332083399e-01
1.375602916958539312e-01
1.366072394899700004e-01
1.383241586477860219e-01
1.382739791533221241e-01
1.405505338648091185e-01
1.390329654735067699e-01
1.379827780671741555e-01
1.361942871964496038e-01
1.382173382613969825e-01
1.396169890346734554e-01
1.370666601554207109e-01
1.379608826274457134e-01
1.395592008725456690e-01
1.393797017802362870e-01
1.362882518457329828e-01
1.369108769634495570e-01
1.378749654655871126e-01
1.400529163298399604e-01
1.415731022409770778e-01
1.368281396964322050e-01
1.343353028582489894e-01
1.359056499056194023e-01
1.357040818048560193e-01
1.345634335797765979e-01
1.376120809264805012e-01
1.390901266388271107e-01
1.372203949210436535e-01
1.389762551978878380e-01
1.354282247968341957e-01
1.373882801714150781e-01
1.376688097819037948e-01
1.366804064615912973e-01
1.346525509616602889e-01
1.362913854018501514e-01
1.361222286690836336e-01
1.421018109658490070e-01
1.376564467989880025e-01
1.359314785619144816e-01
1.392299871677937784e-01
1.377571848682735411e-01
1.381137628866278555e-01
1.333723727309185647e-01
1.328167393155720022e-01
1.364454770088195934e-01
1.393930700965549663e-01
1.370431757258332162e-01
1.355865324631981284e-01
1.390990679160408472e-01
1.376584989298944850e-01
1.336680864950884895e-01
1.362565627771875065e-01
1.377263725425885987e-01
1.377323052014993721e-01
1.391048010017560954e-01
1.385556356751400375e-01
1.348636084587677697e-01
1.370170662869577838e-01
1.358267771601676943e-01
1.327536012698774803e-01
1.386317332464715724e-01
1.367572547041851494e-01
1.367766118247223939e-01
1.342177112931790539e-01
1.376629307723563622e-01
1.323354652394419240e-01
1.367228173911571587e-01
1.364847827113193079e-01
1.321425058997195701e-01
1.364292133942894281e-01
1.330852628091107326e-01
1.351524949229281902e-01
1.358988985833914365e-01
1.371118433786475133e-01
1.344443231250928850e-01
1.391613205826800759e-01
1.361705166619756879e-01
1.360957542955875399e-01
1.345636663592379989e-01
1.384181521249853997e-01
1.360969144831533084e-01
1.366107743356538839e-01
1.345805315660393853e-01
1.341131860328757253e-01
1.338275565271792311e-01
1.325129101937231879e-01
1.337393564905809407e-01
1.340645138647245382e-01
1.346403653932654321e-01
1.318022468919339274e-01
1.337018485380255528e-01
1.341821960489387178e-01
1.341786269364149686e-01
1.356383752252744712e-01
1.334692910391351572e-01
1.321238858570223385e-01
1.361886603106623184e-01
1.378239922057027389e-01
1.351650608985320301e-01
1.355944126675958095e-01
1.361377071168111685e-01
1.316714197604552661e-01
1.351623348658499424e-01
1.335287607078966821e-01
1.313798231948976880e-01
1.340011672196181058e-01
1.326858893321908039e-01
1.345504808374073102e-01
1.324383522997731877e-01
1.300901419390802782e-01
1.349127122863479356e-01
1.325866444473681183e-01
1.348123326955930068e-01
1.315684180026469030e-01
1.341543901251709969e-01
1.321630171757677275e-01
1.342277433820392718e-01
1.331242175050403875e-01
1.345338948446771488e-01
1.365133155739825799e-01
1.328616523483525103e-01
1.319442804015201198e-01
1.333083800595739610e-01
1.339231526644333592e-01
1.313134246105733260e-01
1.316188081606574634e-01
1.342035727345425034e-01
1.348235871072696601e-01
1.326012547171634137e-01
1.325635652801264996e-01
1.328116030900374778e-01
