2.505938034472258158e-01
1.952829940474551662e-01
1.849912056469399102e-01
1.826533823479776775e-01
1.797312065984891793e-01
1.761203671020010186e-01
1.750191706963207527e-01
1.739414767597032563e-01
1.694753402523372365e-01
1.718106825299884899e-01
1.691154516961263510e-01
1.639506719216056452e-01
1.598470522009808048e-01
1.623291291827740901e-01
1.571844356500584072e-01
1.601365642456904770e-01
1.591734735551087743e-01
1.596988980873771391e-01
1.574841670290283435e-01
1.577977390289306558e-01
1.577622406508611685e-01
1.568560447537380720e-01
1.590475053165270047e-01
1.573912956507309557e-01
1.565976097544898027e-01
1.579029149283533440e-01
1.561408665491187120e-01
1.569038852582807231e-01
1.570579801953357335e-01
1.595027319270631572e-01
1.576167373190755505e-01
1.527975616144097437e-01
1.555077937582264869e-01
1.553899109778196785e-01
1.573102699362713408e-01
1.566591406697812328e-01
1.545774027705192621e-01
1.535752617535383890e-01
1.573165883694006006e-01
1.558224454133406989e-01
1.597288629490396239e-01
1.581650671699772748e-01
1.580381471799767457e-01
1.573607497370761443e-01
1.531122038131174923e-01
1.562439632182535953e-01
1.593447414895762526e-01
1.578428421875704979e-01
1.560121571564156151e-01
1.582579637973204889e-01
1.573968713076218384e-01
1.540705125020897792e-01
1.572198438553706334e-01
1.579128438700800330e-01
1.543455231746901635e-01
1.575664807039758308e-01
1.572416924225247536e-01
1.554578714137491990e-01
1.578954925122468267e-01
1.560583295614823007e-01
1.575129821507827155e-01
1.567101894098779369e-01
1.589719081689482116e-01
1.581805528998374843e-01
1.544371200255725829e-01
1.562130184277244205e-01
1.580115394695945363e-01
1.568554500911546745e-01
1.567638968047888326e-01
1.572075693400009910e-01
1.587510343893714648e-01
1.567050114455430521e-01
1.561343079727628980e-01
1.580459936494412743e-01
1.582539631128311031e-01
1.534513425619705995e-01
1.552647123816220665e-01
1.577575276882752231e-01
1.559175298473109428e-01
1.547024794143179172e-01
1.554898167576478918e-01
1.592207150303799057e-01
1.567709651097007328e-01
1.597122445728467732e-01
1.568531582821970360e-01
1.553436389021251585e-01
1.573078034921832624e-01
1.573503216919691639e-01
1.552457735227501801e-01
1.548700157274370548e-01
1.604016032426253680e-01
1.567172013365704109e-01
1.547075708042020270e-01
1.559661931628766318e-01
1.548401251124299216e-01
1.549099688840948896e-01
1.556451689989670484e-01
1.523233899448228901e-01
1.568832836410273546e-01
1.575305702219838566e-01
1.578977136534193415e-01
1.574544883292654240e-01
1.565671635399694117e-01
1.570874924711559151e-01
1.603817030942958355e-01
1.541684965672700247e-01
1.582874867553296372e-01
1.557257538593333768e-01
1.596269356478815515e-01
1.531912441460982488e-01
1.557346378098363460e-01
1.551253360354382105e-01
1.585979317970897806e-01
1.520190885611202303e-01
1.583802569638127766e-01
1.563973721110302473e-01
1.548435470487760368e-01
1.573301174277844661e-01
1.556407800135405084e-01
1.537587764988774808e-01
1.555290764881216981e-01
1.565117740475613084e-01
1.539110710880030874e-01
1.564533641960309807e-01
1.558682929329250066e-01
1.575676601140395539e-01
1.534822160316550166e-01
1.552967163738997181e-01
1.584851439776627791e-01
1.569030548645102552e-01
1.561744625205578885e-01
1.553009444734324562e-01
1.544162439211555216e-01
1.565916969983474072e-01
1.561362954028274741e-01
1.555253174667773075e-01
1.578987064776213312e-01
1.580010825136433372e-01
1.576710442978402904e-01
1.561257603531298332e-01
1.575376855990160974e-01
1.568841762957365604e-01
1.544293756692305952e-01
1.570831790281378704e-01
1.579664149802663953e-01
1.549387813443723061e-01
1.573280079325904135e-01
1.559943696260452373e-01
1.566503657245117698e-01
1.582644401374070642e-01
1.579734841462062667e-01
1.559144735673199667e-01
1.561189985417801296e-01
1.557020417244537880e-01
1.606732327938079907e-01
1.559881271383036783e-01
1.556221802636333085e-01
1.533932295052901629e-01
1.610487526486749366e-01
1.532844222006590484e-01
1.577706932684649621e-01
1.563095986013827154e-01
1.544207110560458507e-01
1.542659508870995455e-01
1.559577367927717229e-01
1.555682319610015296e-01
1.557047683881676581e-01
1.539242582748765464e-01
1.538920204639434852e-01
1.574805994448454372e-01
1.593145089149475002e-01
1.544483499863873455e-01
1.549242661336193982e-01
1.556598852976508740e-01
1.573610063298888917e-01
1.521467789450417496e-01
1.580866770174192415e-01
1.542104719877243069e-01
1.583747405306152600e-01
1.560918744672899761e-01
1.551052187318387177e-01
1.590027736166249039e-01
1.580794079355571646e-01
1.566777200025060990e-01
1.558743412125369876e-01
1.604460491991561433e-01
1.571893788109655077e-01
1.575016278650449575e-01
1.548504762131234780e-01
1.559658977661443902e-01
1.552925062386885935e-01
1.564055889482083572e-01
1.562551587353581961e-01
1.552489165534143845e-01
1.573964738949485409e-01
1.541130324109740990e-01
1.592847239245539226e-01
1.601305449734563291e-01
1.557217617760533745e-01
1.567107361917910446e-01
1.570360868158547640e-01
1.557020718196164000e-01
1.602277961684309970e-01
1.521179997091708092e-01
1.551458125192186066e-01
1.540777103291905425e-01
1.581342963913212607e-01
1.528886672413867498e-01
1.544844334669735197e-01
1.533424452284108119e-01
1.568883632421493590e-01
1.545327056024385637e-01
1.544222942383393082e-01
1.570248699058656994e-01
1.530719660935194459e-01
1.563774091679117073e-01
1.587437525223130697e-01
1.568147899275240675e-01
1.563867948158927657e-01
1.538981760273809007e-01
1.545156401940014079e-01
1.562877927992654958e-01
1.555188588577768039e-01
1.537829433627750653e-01
1.547190785304359828e-01
1.565458485872849304e-01
1.550094148283419349e-01
1.526801439147928430e-01
1.565613838278729075e-01
1.581858592020428667e-01
1.561000098922978307e-01
1.566727207639942998e-01
1.541832984478577195e-01
1.541039853147838368e-01
1.566331808515216972e-01
1.555926892083624169e-01
1.589713443465854692e-01
1.549514928874762276e-01
1.546087535801141111e-01
1.564635803492172850e-01
1.551794430950413639e-01
1.546287132968073297e-01
1.581828443252522032e-01
1.571142472132392442e-01
1.544378038657748253e-01
1.567078651280506829e-01
1.555543746533601113e-01
1.562847498292508353e-01
1.577294659614562888e-01
1.566769235548765848e-01
1.564588153310444152e-01
1.578976780487143516e-01
1.576476987237515615e-01
1.534262376816376283e-01
1.569502933543661383e-01
1.567625578849211887e-01
1.548690105883971380e-01
1.549828033136284866e-01
1.560875989198684810e-01
1.555522445181141689e-01
1.562987270458884859e-01
1.573939121754273085e-01
1.573727641416632628e-01
1.587778671772583639e-01
1.581103966754415779e-01
1.540879733355149106e-01
1.566263765900031413e-01
1.569251698618349955e-01
1.551389614239983006e-01
1.575581175762674202e-01
1.530219849503558494e-01
1.576971735092608795e-01
1.552051985211994334e-01
1.542840412803318240e-01
1.530739911924237917e-01
1.545688672480375891e-01
1.566061345520226855e-01
1.548406193256378072e-01
1.581105993662191567e-01
1.577305107997811484e-01
1.567626913021440138e-01
1.607074116287024179e-01
1.564528591218201925e-01
1.571302551342093345e-01
1.566777695676554727e-01
1.554140231713004860e-01
1.575550952165023222e-01
1.572360276761262388e-01
1.545466890024102258e-01
1.570122553887574601e-01
1.559371067959329227e-01
1.562662983044334208e-01
1.531006111645180356e-01
1.606618300028469226e-01
1.535849401328874542e-01
1.565731496188951521e-01
1.556201259156932137e-01
1.548337890091149582e-01
1.587684352527493903e-01
1.555436586996783443e-01
