3.912731039005777345e-01
2.550563624941784568e-01
2.336373981030090974e-01
2.181148615401724000e-01
2.075310273844262754e-01
2.046929227424704456e-01
2.030897547006607073e-01
1.973762385171392575e-01
1.983056100451427994e-01
1.977060881231142153e-01
1.919967266917228799e-01
1.902916584325873295e-01
1.940679038400235368e-01
1.968960838266040903e-01
1.923396689269853688e-01
1.959351347322049464e-01
1.920475296974182011e-01
1.926902059161144654e-01
1.890340017132137174e-01
1.899260743441789079e-01
1.927154286218726031e-01
1.938681759536266258e-01
1.974300355885339753e-01
1.881385573407877987e-01
1.921664433582969400e-01
1.911310743145320790e-01
1.894488308481548089e-01
1.935348404490429552e-01
1.965346395917560718e-01
1.915519812236661512e-01
1.891105117227720178e-01
1.936732444763183680e-01
1.925741933428722907e-01
1.938802318572998007e-01
1.900919274972832640e-01
1.913711151454759729e-01
1.919177070519198502e-01
1.881519255171651417e-01
1.928756326074185512e-01
1.911788844388464248e-01
1.915184784531593354e-01
1.946515789783519190e-01
1.922338916166969058e-01
1.882430576371109943e-01
1.899355368717857151e-01
1.921440795556358661e-01
1.905083258722139461e-01
1.955339461357697151e-01
1.920326093227966990e-01
1.926049889352010602e-01
1.931431352470232010e-01
1.938571416087772614e-01
1.908489770474641190e-01
1.888907020765802081e-01
1.881696975075680400e-01
1.901174132098322200e-01
1.954588226131770967e-01
1.943509843193966524e-01
1.956296828933384024e-01
1.941402748564015346e-01
1.912498258585515198e-01
1.927836374148078624e-01
1.947433860612952095e-01
1.896763370050036368e-01
1.925442153681879431e-01
1.952503790518511917e-01
1.909915077038433218e-01
1.983001949268838604e-01
1.937087941377059197e-01
1.916415792599968360e-01
1.900974691121474491e-01
1.901336809552234275e-01
1.864009381299433499e-01
1.928535360305205504e-01
1.886861569440883013e-01
1.896920010939888435e-01
1.899492713316627279e-01
1.934983789195185155e-01
1.957395062148571119e-01
1.884632401155388881e-01
1.929559489488601731e-01
1.939463307261466984e-01
1.920226401660753424e-01
1.877490371413852721e-01
1.879400006895479980e-01
1.925755999191947621e-01
1.904089127053385233e-01
1.920288735731788266e-01
1.910434562123340119e-01
1.897412603834401079e-01
1.945120819599732154e-01
1.903643243675646468e-01
1.902089743303216063e-01
1.906962106798006096e-01
1.892642158010731657e-01
1.927731459037117234e-01
1.957066241088120939e-01
1.914052025831264048e-01
1.888458430767059326e-01
1.930380770019863024e-01
1.923352318639340586e-01
1.907992120151934534e-01
1.934159494612527896e-01
1.925735969647117407e-01
1.988135208876236626e-01
1.890871878369994874e-01
1.905011447331179664e-01
1.909997897459113081e-01
1.896413961700771089e-01
1.938067220319872330e-01
1.920086531742759284e-01
1.944771921634673995e-01
1.907256518757861619e-01
1.915620760606682738e-01
1.948432592905086080e-01
1.934816531616708468e-01
1.900189547901568188e-01
1.902637336668761003e-01
1.900826417674189028e-01
1.881396987075391047e-01
1.942613456352897394e-01
1.939134556417879962e-01
1.929205063840617185e-01
1.909924828772959493e-01
1.896689545110515907e-01
1.907628356166507777e-01
1.943312761368958808e-01
1.903033833063167146e-01
1.960597749171049675e-01
1.905716585180033673e-01
1.923444938763328171e-01
1.926222153746563470e-01
1.928051660682844060e-01
1.966396265237227714e-01
1.965751826763152965e-01
1.895860932002896848e-01
1.916575461859288398e-01
1.900020438277203183e-01
1.909278010078098442e-01
1.922181008769118238e-01
1.916691940919212633e-01
1.952884879889695557e-01
1.887181876327680419e-01
1.907050020072771079e-01
1.914649413046629611e-01
1.918854120036830035e-01
1.899889507993407778e-01
1.932107495950615983e-01
1.934672742511915067e-01
1.933886541659417257e-01
1.898966354429721948e-01
1.912907466266466350e-01
1.902338008051333296e-01
1.908616694367450128e-01
1.926229062909665390e-01
1.919755527921344906e-01
1.936399998405705369e-01
1.852947729877803540e-01
1.904964068195094118e-01
1.881372848697330513e-01
1.890106230948282451e-01
1.902301572587179190e-01
1.880282536330430410e-01
1.882608621768329382e-01
1.902367818614710826e-01
1.961905784192292668e-01
1.929746001971804625e-01
1.944639644259991973e-01
1.908246952347133485e-01
1.913773105248161022e-01
1.905262560585270770e-01
1.893998066782951462e-01
1.889357427928758659e-01
1.946891214743904364e-01
1.929233155872510930e-01
1.898353942658590199e-01
1.892007184780162277e-01
1.931067229120627671e-01
1.944721221094546093e-01
1.906720428389051814e-01
1.925667697968690417e-01
1.927583834295687470e-01
1.948199132162591607e-01
1.889298228232756949e-01
1.976452006257098659e-01
1.942361334614131629e-01
1.941129590428393725e-01
1.923847024129784755e-01
1.917784311667732611e-01
1.890068262763645313e-01
1.944185689532238470e-01
1.908357534304909175e-01
1.906068076983742088e-01
1.918206087817316552e-01
1.894134093056554502e-01
1.953420998687329380e-01
1.909287239416785908e-01
1.924952770212422226e-01
1.905595299342404125e-01
1.932428018424821869e-01
1.912317995143973381e-01
1.885113581367161006e-01
1.910703371815059559e-01
1.917436819128368330e-01
1.911401100158691413e-01
1.937115343031675929e-01
1.912138172932293101e-01
1.909402174016703868e-01
1.881251594812973771e-01
1.918870988229046670e-01
1.933352699940619202e-01
1.893009042947188802e-01
1.943822025786275387e-01
1.925313466113546534e-01
1.914807206236797954e-01
1.915223074477651888e-01
1.941552346348762448e-01
1.880400616189707996e-01
1.929567322316377009e-01
1.890078332735144473e-01
1.906449279577835665e-01
1.934157762527465851e-01
1.916826916337013298e-01
1.932626537240069720e-01
1.896697117142055466e-01
1.945341655819312343e-01
1.929710733670255418e-01
1.892322332444398292e-01
1.923688461158586660e-01
1.937562900833461610e-01
1.931727385002633690e-01
1.918360463121663029e-01
1.946946133841639115e-01
1.891538788132045568e-01
1.900119930194771878e-01
1.913068800801816238e-01
1.926674912235011305e-01
1.922015864071638658e-01
1.897320537774459248e-01
1.874999124951984564e-01
1.934218370966289402e-01
1.931985672764156281e-01
1.909670273687528452e-01
1.908034103745999410e-01
1.941226471973502010e-01
1.954755724150201435e-01
1.923089478586031131e-01
1.892158078318056935e-01
1.939879713447197618e-01
1.902482130190600584e-01
1.880413130573604374e-01
1.946769046472466569e-01
1.940697203045305963e-01
1.912908732424611624e-01
1.929979871718779938e-01
1.931517392189606441e-01
1.890849616112916243e-01
1.903162083936774107e-01
1.912604185290958658e-01
1.887425921092862613e-01
1.897180948788705079e-01
1.891424958498581499e-01
1.951339394579763020e-01
1.897840519158736639e-01
1.918904826226441873e-01
1.896919159681900724e-01
1.909806535347648160e-01
1.955911497499631668e-01
1.940831822156906250e-01
1.924480320474375727e-01
1.886305213052293650e-01
1.923708628571551837e-01
1.909452168526856730e-01
1.926208813864251912e-01
1.906247294156447614e-01
1.925021694509879422e-01
1.918113283851872186e-01
1.919899016981539419e-01
1.905273241115653104e-01
1.920967656011166869e-01
1.892777211406956595e-01
1.927911108188007094e-01
1.905356353417686777e-01
1.922646218279133734e-01
1.903147314735080808e-01
1.908703301315722300e-01
1.914968850405320000e-01
1.906427169623582385e-01
1.911326349455377271e-01
1.924516795251680346e-01
1.953370424457218368e-01
1.916113478411798909e-01
1.892512592025425155e-01
1.938415780507999897e-01
1.894053150130354801e-01
1.901548760351927381e-01
1.960367696155672357e-01
1.907627640910770639e-01
1.875731732275175145e-01
1.917168093194132339e-01
