2.412190577154574300e-01
1.918189392763635370e-01
1.813277313398278245e-01
1.748950739217841055e-01
1.724328769082608404e-01
1.700072477796803483e-01
1.713428607064744758e-01
1.632810848692189121e-01
1.587598199481549399e-01
1.575079793359922264e-01
1.580773827563161371e-01
1.564160181491271173e-01
1.507898027482240111e-01
1.514911164628422735e-01
1.517966480566107779e-01
1.481743611045505671e-01
1.502307854890823358e-01
1.499279429342435799e-01
1.512301164658173269e-01
1.494538502330365337e-01
1.490967146449762859e-01
1.500180375938830191e-01
1.489653776313947520e-01
1.466727555109106906e-01
1.492283199766407942e-01
1.499913823500923504e-01
1.487552960644597522e-01
1.485642950431160236e-01
1.475405553488627619e-01
1.508624100892440034e-01
1.505489800598310279e-01
1.487583210960678470e-01
1.464554731534875032e-01
1.510495677357134581e-01
1.488470974745957631e-01
1.506332002942976644e-01
1.503424791279046324e-01
1.460549320086188818e-01
1.458756268633448483e-01
1.484734615877918440e-01
1.491831458210945149e-01
1.482917703416036515e-01
1.484219798212466079e-01
1.485166015158528863e-01
1.471835206021433196e-01
1.489197857885257159e-01
1.459584861682808876e-01
1.476787940795006859e-01
1.495021018074906283e-01
1.461606390579887060e-01
1.487251409292220938e-01
1.470009976210801539e-01
1.488198530388915031e-01
1.465272410848866280e-01
1.488654551143231697e-01
1.449017109145288862e-01
1.471564280157503790e-01
1.484043806169343949e-01
1.470403360206147814e-01
1.452972943730976296e-01
1.483107776590015525e-01
1.497907453360764751e-01
1.458021991719370414e-01
1.484427930583124555e-01
1.483396999628647517e-01
1.485890256917994923e-01
1.473656717797984239e-01
1.460102041765399539e-01
1.486823099106550083e-01
1.435980877979942116e-01
1.480661149206368710e-01
1.465082409330036306e-01
1.467564434746037316e-01
1.460542288966800717e-01
1.471266444804875673e-01
1.490758592097655710e-01
1.517148939293363752e-01
1.474595588523408551e-01
1.469603007072987633e-01
1.485388997404471778e-01
1.458968768560368057e-01
1.490436390897502128e-01
1.463784710790800025e-01
1.454079344376273675e-01
1.474677841443082504e-01
1.467970470526943905e-01
1.452443641838820076e-01
1.464964985588322610e-01
1.469200360172468744e-01
1.449712893444558837e-01
1.470313810058262172e-01
1.452394797750141409e-01
1.480803067865578970e-01
1.450460340898969969e-01
1.459030761252278763e-01
1.488123641947041442e-01
1.453000119717224869e-01
1.484553002170894420e-01
1.453307651164739145e-01
1.475082726323086180e-01
1.447847494560739190e-01
1.478799571861391382e-01
1.431272737215394664e-01
1.444938842395077638e-01
1.478251724243164200e-01
1.448794586243836724e-01
1.448552464752093649e-01
1.478231340905894475e-01
1.473755208849907017e-01
1.461556377825529718e-01
1.463914219762967872e-01
1.444620774414228370e-01
1.482455642637999227e-01
1.444017431165861010e-01
1.456030749549036551e-01
1.438007676886475517e-01
1.466051445694073474e-01
1.456331860189852556e-01
1.436692753200945749e-01
1.462210979565330138e-01
1.485847526477730718e-01
1.469697264549524873e-01
1.456728924461032915e-01
1.442340756913889910e-01
1.425206685876068968e-01
1.469764858173287503e-01
1.491760007285553580e-01
1.459823495616083544e-01
1.462976281902064468e-01
1.438473578432331867e-01
1.477856018698733842e-01
1.475314576833144375e-01
1.464872687173926213e-01
1.448139039640841397e-01
1.433586438635121307e-01
1.423353369857953965e-01
1.397968258080275195e-01
1.432975336779718778e-01
1.455330836980239240e-01
1.458832921366328694e-01
1.454660249831883911e-01
1.463766089885131239e-01
1.412692887731220315e-01
1.447905611629071443e-01
1.460567219853401155e-01
1.490175001491670925e-01
1.451720080142435698e-01
1.485840368387491839e-01
1.414204899279967731e-01
1.422731826253559317e-01
1.456078114846478255e-01
1.434678050823833539e-01
1.451651274756244892e-01
1.447410790350126264e-01
1.416135052960851848e-01
1.455047369936238177e-01
1.460850825737352032e-01
1.446947908842045327e-01
1.428018210867176840e-01
1.446544999091521622e-01
1.469196427594060550e-01
1.470340062431667039e-01
1.429544153213500868e-01
1.414484322369098657e-01
1.443529301881790183e-01
1.424126166623571610e-01
1.435116500854492216e-01
1.431890902674716470e-01
1.429539150258769264e-01
1.447284733225470132e-01
1.417070596062618704e-01
1.421214323924935297e-01
1.425995274263879564e-01
1.431373411831648457e-01
1.449292702286139878e-01
1.406166776677836572e-01
1.447443831692571126e-01
1.437180839206861349e-01
1.447511254600856723e-01
1.432464108311611584e-01
1.430292596978985642e-01
1.400172726382379884e-01
1.418082552163497378e-01
1.404714993847453186e-01
1.402958694411360618e-01
1.389397816217463888e-01
1.427382725127365193e-01
1.457240071426267325e-01
1.427914629163949400e-01
1.412030931814857171e-01
1.432066195037053902e-01
1.434226871366086342e-01
1.419154135247935322e-01
1.419825123289357172e-01
1.419965690866760721e-01
1.428173085528871289e-01
1.436902062944744041e-01
1.436759917736053493e-01
1.441336401389992639e-01
1.413787442899268609e-01
1.426144761002582084e-01
1.395467093943253689e-01
1.414039151150247309e-01
1.395745029553123184e-01
1.432061053980951681e-01
1.412246644341427215e-01
1.416134485939274656e-01
1.405273139113965286e-01
1.443492158962332572e-01
1.420479015293328595e-01
1.420582702159881583e-01
1.402862696310748225e-01
1.423381215696749580e-01
1.429847295128780782e-01
1.437532955485841535e-01
1.435669614724491006e-01
1.440293038591094754e-01
1.413307202950767894e-01
1.409221368406129993e-01
1.444760008661643280e-01
1.405019899658534743e-01
1.403055934906005942e-01
1.404414320380791281e-01
1.411050101155820191e-01
1.427781564515570034e-01
1.427323065011397718e-01
1.428809728311455640e-01
1.406010602038839652e-01
1.390458014840665057e-01
1.425569397185159903e-01
1.397850543649300226e-01
1.413128882802051067e-01
1.379360289942959117e-01
1.400752179622650195e-01
1.428510060569514462e-01
1.406961846351623413e-01
1.388941329601018349e-01
1.416584782237591822e-01
1.415409236653991376e-01
1.389454637377158519e-01
1.421172769276992098e-01
1.436374510112016223e-01
1.427431313887886355e-01
1.418573177586431033e-01
1.401466891247293289e-01
1.412845233005026180e-01
1.365666963432146108e-01
1.417076832159705757e-01
1.396682585322338577e-01
1.394919157365094031e-01
1.418569681929505444e-01
1.428538089135418798e-01
1.383757823653843089e-01
1.416811367428821022e-01
1.426320798811705204e-01
1.381306523447451418e-01
1.377606103057446574e-01
1.395751090723535426e-01
1.403276148568028958e-01
1.384902399519215566e-01
1.391694665577100642e-01
1.393497393066468470e-01
1.417251667561738315e-01
1.400617079605226967e-01
1.369756120961645451e-01
1.381991332183065690e-01
1.376658232471217325e-01
1.414041071974712904e-01
1.414027713018914945e-01
1.387792774594348300e-01
1.393289771935214139e-01
1.409406142286632468e-01
1.375666995929634984e-01
1.393343472973160024e-01
1.421948542517164349e-01
1.384530121677595704e-01
1.416028491828752733e-01
1.385686042049656674e-01
1.368782128665758102e-01
1.371769536474476692e-01
1.361466706647821157e-01
1.389098868473716275e-01
1.365390242415925603e-01
1.390669399085252278e-01
1.361501008362873688e-01
1.402796109085497622e-01
1.381968868297079323e-01
1.383505900890930895e-01
1.383683714244676732e-01
1.390962224110313117e-01
1.395460127695747066e-01
1.374387272389038794e-01
1.395858846721441948e-01
1.408365824170734470e-01
1.401636953872183178e-01
1.422704264521598705e-01
1.378396052588587162e-01
1.369481970745584365e-01
1.341834486619285782e-01
1.360686704231345023e-01
