2.751445334061332626e-01
2.185834334570428694e-01
2.089448625212130262e-01
1.927980235815048293e-01
1.853031519936478577e-01
1.772214420956114145e-01
1.722116311218427620e-01
1.720294054539307227e-01
1.674510604713274065e-01
1.679034761708715628e-01
1.574493867521700730e-01
1.538840807579133774e-01
1.544207826956458807e-01
1.526022684574127319e-01
1.546680209170216980e-01
1.506807733968548169e-01
1.488175292429716745e-01
1.535517961823421873e-01
1.522348725083081666e-01
1.482098539782606972e-01
1.525508197908816144e-01
1.495860968880031450e-01
1.499252874747566688e-01
1.481612689806067473e-01
1.507098315746887851e-01
1.515932334402333159e-01
1.509659399675286340e-01
1.499591436386108478e-01
1.512955830719160122e-01
1.514728272427683375e-01
1.495250132161637935e-01
1.475441302631212426e-01
1.497368716467981642e-01
1.505884855622830476e-01
1.482690178155899041e-01
1.515619095589803567e-01
1.521900999390560782e-01
1.528276648573253516e-01
1.511493945329085709e-01
1.485220095541166241e-01
1.501214270086392022e-01
1.502478475985319639e-01
1.502076694939447621e-01
1.510551672396452660e-01
1.486504263877868603e-01
1.515495372103608240e-01
1.525329503546590526e-01
1.473846797087918215e-01
1.527545034418935355e-01
1.503683540406434427e-01
1.483940693606501104e-01
1.499567601343859691e-01
1.506998258906862009e-01
1.523903425024903391e-01
1.492032037869743810e-01
1.486679491944934983e-01
1.505677805931671942e-01
1.500064635276794345e-01
1.509918092230091990e-01
1.503533137129700603e-01
1.472070530393849164e-01
1.500382738774237446e-01
1.521643810635027738e-01
1.500553789864415843e-01
1.497034401375314516e-01
1.532818632955136595e-01
1.517008719930182381e-01
1.479640270834383653e-01
1.503219504032445863e-01
1.517578038210454228e-01
1.486229395063027037e-01
1.534708180012910317e-01
1.485671619436015334e-01
1.491541960505039788e-01
1.477677848559358909e-01
1.487801044920216420e-01
1.531367561350698014e-01
1.485187205283538259e-01
1.504254214763641462e-01
1.503540319152500415e-01
1.504038188768469786e-01
1.507238176750100300e-01
1.502157852338708022e-01
1.487544141100800577e-01
1.505535105518672756e-01
1.503017567033353152e-01
1.468343802638675810e-01
1.503561489426571418e-01
1.493810929578283653e-01
1.504111136923665659e-01
1.488938654272452533e-01
1.487548107712165224e-01
1.516615770588750356e-01
1.486924087949421103e-01
1.510096180698146107e-01
1.499971654881601668e-01
1.499224356412887649e-01
1.509985273402670025e-01
1.506613718996877294e-01
1.465695993744808578e-01
1.501710286814233464e-01
1.540841066681820359e-01
1.482447670387185001e-01
1.507459188803382533e-01
1.486475253312484202e-01
1.502777236648227821e-01
1.464868129815744269e-01
1.491148949382097855e-01
1.496513012427350686e-01
1.519101793727149208e-01
1.497616494738537307e-01
1.497021722417810619e-01
1.483822586329086868e-01
1.491374247294405264e-01
1.514476266373758762e-01
1.509217989652053282e-01
1.496140945385331655e-01
1.472565055308134585e-01
1.461726516485214178e-01
1.489820790705473630e-01
1.486524239532325542e-01
1.500045011665510075e-01
1.496080521085987880e-01
1.483102045992146234e-01
1.475932833824468715e-01
1.493519695323446417e-01
1.509867754533238959e-01
1.533757024329641672e-01
1.489554502964019755e-01
1.484443187454472513e-01
1.488631007360375347e-01
1.493487496013226612e-01
1.524961413158022749e-01
1.485910571580347783e-01
1.503018321369005150e-01
1.500726902446021249e-01
1.495708460969769338e-01
1.532329747469528824e-01
1.488522028508393602e-01
1.470099091374355849e-01
1.500117782043374204e-01
1.511834942102432133e-01
1.492692367356756589e-01
1.501848446882289301e-01
1.516662988196248729e-01
1.503066140361454250e-01
1.502766998695290734e-01
1.484579684475193784e-01
1.494421057079149406e-01
1.497480098942051696e-01
1.477058868200882558e-01
1.493332882834517428e-01
1.487566898879797428e-01
1.510892103832701117e-01
1.483045497407083912e-01
1.500604559416356398e-01
1.506983091831207155e-01
1.481322878625082051e-01
1.498517192032026157e-01
1.481465250253677368e-01
1.489383329178975979e-01
1.495932190547818730e-01
1.475316291062728213e-01
1.508323651474455240e-01
1.512932458183039730e-01
1.500616052876348194e-01
1.502112328487893722e-01
1.504887621972871847e-01
1.476672177003777453e-01
1.502298052466433942e-01
1.501566450958666532e-01
1.494709610057913807e-01
1.494580104454703851e-01
1.514890845806702302e-01
1.515113136353700152e-01
1.487693782137787801e-01
1.504657739038052777e-01
1.488794372580621583e-01
1.497106227978416138e-01
1.493210141295971960e-01
1.493231119565341658e-01
1.512356845503267933e-01
1.519373280030229811e-01
1.492995758212130875e-01
1.509911053284354876e-01
1.503150151086890263e-01
1.470023714485375887e-01
1.514980228672856977e-01
1.499866192548171273e-01
1.514881771336430982e-01
1.479452381030373076e-01
1.501094186953876308e-01
1.531220735674319045e-01
1.482667826103127584e-01
1.492556881749111664e-01
1.507697011439696477e-01
1.505089914487755809e-01
1.493278744220733756e-01
1.492125229680019982e-01
1.472709803270257078e-01
1.473060805596735079e-01
1.507189981289531744e-01
1.494862621089686483e-01
1.490438156905381506e-01
1.489029926372610890e-01
1.511700737592966692e-01
1.488849577787129674e-01
1.514479207811148254e-01
1.495764413618523025e-01
1.506396492667820275e-01
1.489536052657210174e-01
1.497608117500077163e-01
1.482149080971013055e-01
1.469427556466797180e-01
1.490764339034972019e-01
1.467885552955710271e-01
1.458121874280597918e-01
1.460766802929017727e-01
1.484126431456078699e-01
1.501018524791883357e-01
1.478403026746666904e-01
1.505411153785560507e-01
1.484544688307720683e-01
1.472099264769450577e-01
1.513278871878333820e-01
1.487815755502037429e-01
1.490223049391870835e-01
1.500349538792734583e-01
1.500553342518599065e-01
1.499291994727176280e-01
1.513971745812374703e-01
1.519743041681206608e-01
1.489608993893084266e-01
1.481211573973945927e-01
1.477520406272100351e-01
1.481341015022734076e-01
1.516934108934972492e-01
1.491202217703280208e-01
1.525671216119890705e-01
1.511387179610521880e-01
1.505654189457064085e-01
1.498717069910920074e-01
1.498906485205111216e-01
1.483082111451936858e-01
1.486762734781140738e-01
1.509702926018963720e-01
1.498620480661806975e-01
1.471551829731982675e-01
1.484481700464435339e-01
1.483292812419974294e-01
1.490794557177502200e-01
1.509447244975877789e-01
1.517939166297083420e-01
1.470948883269144192e-01
1.503554729897043085e-01
1.526420388843702236e-01
1.509454715673042291e-01
1.488968190291653504e-01
1.486947477330332334e-01
1.473289822469587007e-01
1.499963045586710508e-01
1.500038044556327443e-01
1.488144202659959503e-01
1.512168463935022744e-01
1.495588446440904162e-01
1.507987790159557306e-01
1.503304341513177489e-01
1.471744837942330630e-01
1.507153588844382108e-01
1.501687081689419834e-01
1.487113624137380852e-01
1.483906391444413664e-01
1.497235464324122023e-01
1.479283278817715985e-01
1.504879303652307265e-01
1.502143259514933105e-01
1.493208451582037910e-01
1.505802871649679908e-01
1.519740472150885591e-01
1.503861710908620253e-01
1.474355129314505464e-01
1.488139492687971799e-01
1.463695593890936564e-01
1.491246881497942933e-01
1.507648139544155164e-01
1.479694571235905531e-01
1.464556935973789498e-01
1.497406380332034492e-01
1.490894081748050104e-01
1.484703616888626843e-01
1.478882765407147637e-01
1.501046371822771786e-01
1.481521445720092034e-01
1.499301739412805257e-01
1.484330868150876837e-01
1.497668461022169661e-01
1.502150960694188520e-01
1.524783234363016882e-01
1.484382870067720850e-01
1.502165720553501893e-01
