5.171799358181331518e-01
2.963318439566570706e-01
2.531434141138325655e-01
2.369299313892488934e-01
2.208598053455352872e-01
2.171391249635945264e-01
2.095354879939037851e-01
2.029822772741317616e-01
1.983994268023449303e-01
1.968360311881355573e-01
1.937572580627772989e-01
1.885373808404673668e-01
1.863384273363196397e-01
1.825703083795049975e-01
1.808589424698249237e-01
1.795718691815500756e-01
1.793631855145744747e-01
1.786312013501706319e-01
1.767671406580054172e-01
1.729365966462570736e-01
1.779292885699997884e-01
1.738216196557750004e-01
1.755330050380333740e-01
1.688876746141392271e-01
1.688342925258304872e-01
1.722558010039122178e-01
1.677238193892914286e-01
1.710483142603998474e-01
1.703249500704848152e-01
1.659100949816081916e-01
1.706334094858687755e-01
1.671915209500685895e-01
1.706027836592300950e-01
1.638549634892007556e-01
1.659730039549910385e-01
1.645975509000861259e-01
1.638111733923787727e-01
1.635339906319328018e-01
1.652207001719785684e-01
1.645449707974558362e-01
1.661052491198415360e-01
1.624932366868724054e-01
1.625257571572842896e-01
1.584533869079921553e-01
1.610291549239469544e-01
1.611115682604520316e-01
1.603729527514913822e-01
1.578737219623897459e-01
1.612317747188651007e-01
1.595138230479281882e-01
1.574916975517635653e-01
1.625003551996272444e-01
1.639502537820650141e-01
1.582391957303752039e-01
1.581695721097614582e-01
1.585394767315491393e-01
1.566515388125958586e-01
1.576757329650547157e-01
1.615716221384380091e-01
1.591826248194860294e-01
1.588863426706065285e-01
1.599178075531254573e-01
1.529666160772676087e-01
1.550637404251357654e-01
1.564387390432150360e-01
1.586394640621931751e-01
1.543875519970188959e-01
1.560884256725725838e-01
1.565870608816976040e-01
1.582853674784950593e-01
1.563077818310779077e-01
1.565596283389174281e-01
1.547229173040908234e-01
1.531893387942210583e-01
1.564306421539057856e-01
1.527998392478279455e-01
1.514436722423719295e-01
1.514892503437788585e-01
1.538977713481239629e-01
1.545088538190592942e-01
1.523527750048948304e-01
1.541837147111478068e-01
1.515091486806454946e-01
1.539469425846701212e-01
1.519920102163501430e-01
1.496911628868268784e-01
1.527978358346482879e-01
1.508810777443906626e-01
1.514642949778100822e-01
1.517059073914652223e-01
1.510170173554316875e-01
1.537445864988409849e-01
1.488382299898759198e-01
1.518029874459556894e-01
1.495189744078594674e-01
1.514606016148691559e-01
1.522464506036561582e-01
1.506091085750123626e-01
1.515228247409281526e-01
1.487297876360623716e-01
1.487164734977742819e-01
1.470644006651380675e-01
1.486400163536486518e-01
1.480861309429873651e-01
1.470410392426926283e-01
1.483965982911379378e-01
1.481328547467356260e-01
1.470034479628438417e-01
1.458224949266599679e-01
1.467689907498981594e-01
1.461541515200034391e-01
1.450373382296251124e-01
1.442303528215574115e-01
1.485873502959375869e-01
1.440820602126743344e-01
1.447637528854867628e-01
1.465805897246236500e-01
1.460862956617189623e-01
1.476416536517765332e-01
1.459850526892620681e-01
1.454582928781923967e-01
1.469447447800117934e-01
1.428801569264868121e-01
1.499053461059280112e-01
1.424168099009472388e-01
1.453307252500368185e-01
1.425694010620531804e-01
1.427331827114457774e-01
1.482633455577103965e-01
1.440734152431073500e-01
1.458865181466807437e-01
1.440529629665872335e-01
1.423091502189636204e-01
1.425108101678931316e-01
1.399168813124946897e-01
1.436870780975922357e-01
1.410725063241046462e-01
1.436718757204387409e-01
1.426084519728370303e-01
1.423015432927919599e-01
1.437326931486959114e-01
1.430087494254112246e-01
1.427861159055129336e-01
1.431491560262182494e-01
1.400928575137387055e-01
1.399129308617633460e-01
1.420899467675582339e-01
1.433443914535252883e-01
1.396270714661349555e-01
1.382529293195061126e-01
1.400448414424191323e-01
1.394073249619940114e-01
1.420387355037357469e-01
1.365730329667744491e-01
1.427854446535525013e-01
1.393041091055973735e-01
1.371251882826504398e-01
1.385544365229813835e-01
1.396026665283286172e-01
1.381290180683135971e-01
1.398054735958576267e-01
1.344579543147398082e-01
1.398537800830343403e-01
1.372880600781544447e-01
1.390301839890687452e-01
1.360011242057966030e-01
1.325190280792505892e-01
1.374589126550632978e-01
1.389638381574464787e-01
1.355171901557756520e-01
1.365247797292211684e-01
1.332776872748913932e-01
1.363196299905362341e-01
1.366939079502354493e-01
1.377646452680877931e-01
1.396989969118781760e-01
1.338443586295065546e-01
1.382533478581386976e-01
1.380708104423854776e-01
1.345575745598129591e-01
1.296057557126750193e-01
1.337298209744950950e-01
1.370100758853166067e-01
1.353619079278862991e-01
1.316383726389511732e-01
1.341208918794341842e-01
1.361679813058480071e-01
1.303674796184767781e-01
1.361017583038496015e-01
1.343751549383868371e-01
1.335147107347198214e-01
1.325561757580093758e-01
1.332214689643486660e-01
1.352567401515401002e-01
1.317098260301610702e-01
1.316992690666862198e-01
1.328748549119286027e-01
1.302457765237144682e-01
1.320015599287074626e-01
1.329056835718776808e-01
1.325863028648106845e-01
1.320924817945646201e-01
1.340941645995430420e-01
1.321143654024471426e-01
1.327316587748734733e-01
1.298933432905570451e-01
1.316976090857516213e-01
1.290932806963505930e-01
1.344460493676040425e-01
1.317535354831944339e-01
1.322663508809131250e-01
1.293157326760499271e-01
1.320031093151673163e-01
1.276438174584637597e-01
1.317206261371788867e-01
1.272287818465543952e-01
1.272812345675800039e-01
1.286983385863511575e-01
1.302268543658049171e-01
1.270448527815549178e-01
1.324368168698704662e-01
1.318978975674380549e-01
1.271229872748903533e-01
1.313262930305107712e-01
1.314810392118018478e-01
1.274221970730501641e-01
1.276285240157790934e-01
1.303734026862227446e-01
1.265637050193288982e-01
1.266895392815703958e-01
1.297369078760561845e-01
1.284686368263286138e-01
1.291365629227265166e-01
1.281740587314833812e-01
1.293206568055826622e-01
1.243867420735566554e-01
1.281754835714464524e-01
1.262008405872013239e-01
1.245199985309787399e-01
1.229546061333106899e-01
1.302418160671773295e-01
1.266504510161669261e-01
1.270313465802565822e-01
1.286180251499881022e-01
1.241457035969132927e-01
1.260158446172009450e-01
1.252804093723711709e-01
1.208865554851034363e-01
1.306174818070038601e-01
1.223138068862583278e-01
1.277652966535609835e-01
1.281565586173016025e-01
1.223170020943102621e-01
1.252481521011694632e-01
1.236910977570906955e-01
1.257287310763545718e-01
1.253782357832659844e-01
1.233285195995932060e-01
1.262828650319058055e-01
1.227076156787250405e-01
1.202836149658845777e-01
1.237432079558139220e-01
1.258354002574215702e-01
1.241900379813235672e-01
1.217522959268611399e-01
1.212625930620276349e-01
1.226426457762718192e-01
1.225336353675178791e-01
1.204929949641227738e-01
1.198966636217158738e-01
1.215989284722701347e-01
1.197712878137826981e-01
1.219204472769861575e-01
1.225522080245225326e-01
1.248136375183644536e-01
1.210584599615439072e-01
1.207443507313728376e-01
1.202383769439614308e-01
1.154534505709357839e-01
1.207791911259941398e-01
1.215476321578025792e-01
1.216135206870410795e-01
1.231568325343339321e-01
1.207016041563904740e-01
1.192678899577130497e-01
1.212076577388721960e-01
1.197480951327344612e-01
1.209655103683471705e-01
1.213441004753112729e-01
1.211320348615231718e-01
1.194170412110245744e-01
1.190572834999664986e-01
1.197990325274674722e-01
1.188887902342754821e-01
1.178071947875230230e-01
1.179203926117523837e-01
1.149722152899788769e-01
1.220934989763342859e-01
1.176961883630441574e-01
1.206258739181186868e-01
