2.468638488779897333e-01
1.953149315377940287e-01
1.862718786985977926e-01
1.852741860721422162e-01
1.768548467366591881e-01
1.779543062603992087e-01
1.734122148544892106e-01
1.749252682094988576e-01
1.722145682625148555e-01
1.716224354686944342e-01
1.680751401937526091e-01
1.660756362106489137e-01
1.655559006981227599e-01
1.659224584582059403e-01
1.603073408137196953e-01
1.620243300497531957e-01
1.638053368278171718e-01
1.568824989121893054e-01
1.536244608526644573e-01
1.534212109731591389e-01
1.538297388942345412e-01
1.508580936348956625e-01
1.504477814798769741e-01
1.487852537917054296e-01
1.516211835923402251e-01
1.511498756253200904e-01
1.532858752219573295e-01
1.522843266103578730e-01
1.514584668868261819e-01
1.538102603165999727e-01
1.488007454561150467e-01
1.483515645757965407e-01
1.528337627701137347e-01
1.529388785465903844e-01
1.504837124269941540e-01
1.474971744495889303e-01
1.502969697415828809e-01
1.483995860711387893e-01
1.487588761163794460e-01
1.511840407252311724e-01
1.508430884402731098e-01
1.495606378990670948e-01
1.490898223415665080e-01
1.493584939500559872e-01
1.482604339848394015e-01
1.504244285070377718e-01
1.516116816790207544e-01
1.477347037584885170e-01
1.479025135040283323e-01
1.488668681434963115e-01
1.463678425265395044e-01
1.509165035227070795e-01
1.523005319445029648e-01
1.509706119778363720e-01
1.469760086640067853e-01
1.480491550227870101e-01
1.497407515981923065e-01
1.501167555490265648e-01
1.511342983349509839e-01
1.510232600958451021e-01
1.513286277263060919e-01
1.491876474722572121e-01
1.489687351804712678e-01
1.502569953721502594e-01
1.506047666902127491e-01
1.478869176740231772e-01
1.489027054724486043e-01
1.495455021754555081e-01
1.505715933571691034e-01
1.534135932300401683e-01
1.536504295235094908e-01
1.507456757659497437e-01
1.494512079850487118e-01
1.517026643027430122e-01
1.514201119360716330e-01
1.498835638904053302e-01
1.468742788874584648e-01
1.497104799799297281e-01
1.479398218756136640e-01
1.486462712495223437e-01
1.527719601340915834e-01
1.494423694040464268e-01
1.499071532280548680e-01
1.470645671253618947e-01
1.493472188011459589e-01
1.511384548259818161e-01
1.495518672906834268e-01
1.531356223614319390e-01
1.512034231320671385e-01
1.498247747576754996e-01
1.533772949446802480e-01
1.481615105660065435e-01
1.511725878300874126e-01
1.494932191747686268e-01
1.504314425924550003e-01
1.477645532307417520e-01
1.506579394806986383e-01
1.485648995897044244e-01
1.494771044461623566e-01
1.480407836126244603e-01
1.529585912797762071e-01
1.517570615177569193e-01
1.497339117423347743e-01
1.513308233333670594e-01
1.499717438324638108e-01
1.502569738108178732e-01
1.501972694047119250e-01
1.514419714264247652e-01
1.535802470238312456e-01
1.474318757938302138e-01
1.526989925555560790e-01
1.479433140340058739e-01
1.519575049358865559e-01
1.494362224755079738e-01
1.516649447627689551e-01
1.497414238141930587e-01
1.485935360270997652e-01
1.489441012014513510e-01
1.522953705321187512e-01
1.514060169873030215e-01
1.489298631756202085e-01
1.476514843961466983e-01
1.494221583643685347e-01
1.506571294846742182e-01
1.500124028143675348e-01
1.488601609312969754e-01
1.501802282955335410e-01
1.459539057120032846e-01
1.498394248900206116e-01
1.497640286243480112e-01
1.505030652647433020e-01
1.518652708115784955e-01
1.497667012136915388e-01
1.506647061653759168e-01
1.500954742535300923e-01
1.483016589983649769e-01
1.503256642092829221e-01
1.545240563206050632e-01
1.502879182722257623e-01
1.509361356367235618e-01
1.492723274801088518e-01
1.492942494179891610e-01
1.487659387556107271e-01
1.532115451252978877e-01
1.506296445649603077e-01
1.466273269109104049e-01
1.489034902531167770e-01
1.519481921299644100e-01
1.482118512288383705e-01
1.504130644487298163e-01
1.484048585166101997e-01
1.496265268273975491e-01
1.485179616990296714e-01
1.509191957504852910e-01
1.520926193309866947e-01
1.493810348873552962e-01
1.522986416713051072e-01
1.484352131796919660e-01
1.465424455909625223e-01
1.485061608280824619e-01
1.503751995485761994e-01
1.519038431281628798e-01
1.494336827293686332e-01
1.499671520253886281e-01
1.472448920685311968e-01
1.491160155638404650e-01
1.491322793908741173e-01
1.513748262330241734e-01
1.502282875361649894e-01
1.488921079143233905e-01
1.494842923555685099e-01
1.500560729348141276e-01
1.509366388891054123e-01
1.512588310721127982e-01
1.523412258210389558e-01
1.468738313084063385e-01
1.489983644278153052e-01
1.510243368148803667e-01
1.501339749888233599e-01
1.511162729937097216e-01
1.525682591225789864e-01
1.525432431114756571e-01
1.525354828031166843e-01
1.483586436898811922e-01
1.497006834564001687e-01
1.511177928344063226e-01
1.482262077331542860e-01
1.516414613581222037e-01
1.503392924122188279e-01
1.466120780758235764e-01
1.499583034930021819e-01
1.484532710067603956e-01
1.501157797885977752e-01
1.460180856144946693e-01
1.502641071560590069e-01
1.501666733648465979e-01
1.503959070508894824e-01
1.507427638354508770e-01
1.524269030767938238e-01
1.477379264365071831e-01
1.494073109678600020e-01
1.483330656290054450e-01
1.502352735426114860e-01
1.496176113253054329e-01
1.480650897648023434e-01
1.529601160806158267e-01
1.497965511757394508e-01
1.509006609502046015e-01
1.479388347268104642e-01
1.517343116324880725e-01
1.494099658779476092e-01
1.478908104274583857e-01
1.494034600257873602e-01
1.491711572978807465e-01
1.480422880597736524e-01
1.511799782566402295e-01
1.495801640437997015e-01
1.473312800267468359e-01
1.486404420500216372e-01
1.514322560377742988e-01
1.474976351831270294e-01
1.495542060447775934e-01
1.488292705727660148e-01
1.503946899953095828e-01
1.492154373980086879e-01
1.502738400853198542e-01
1.498282837375350673e-01
1.480209204204704365e-01
1.514554327881854623e-01
1.480989080149194559e-01
1.503343223799829820e-01
1.506110716643540848e-01
1.465867868480475178e-01
1.509959069127621845e-01
1.507163407128790100e-01
1.519860870579014533e-01
1.518560430316821253e-01
1.432117194986861630e-01
1.491250715061374355e-01
1.504540258049964774e-01
1.454513267641482088e-01
1.493696324980777201e-01
1.487469544423662970e-01
1.509777018972065232e-01
1.490860186348790806e-01
1.499556352781212798e-01
1.490311672739360604e-01
1.505503908654917955e-01
1.486646768476652114e-01
1.529027367584083474e-01
1.489992965757846732e-01
1.505175945499668821e-01
1.489081464228422802e-01
1.489450416979582470e-01
1.495640957562819895e-01
1.485603947976361083e-01
1.504154808210290128e-01
1.510484571515218200e-01
1.492980414421662128e-01
1.520514654465343618e-01
1.500013791244962924e-01
1.472372905093690676e-01
1.518682657221089305e-01
1.487970682538073963e-01
1.478011597705924107e-01
1.488732590260712918e-01
1.479927168022031336e-01
1.484295206069946305e-01
1.502665389206098434e-01
1.492229821591273542e-01
1.506298963246138212e-01
1.495451079969820907e-01
1.507288564547248633e-01
1.485481787764507677e-01
1.471280186539110912e-01
1.490572890198749167e-01
1.486214192328245698e-01
1.490036189037820535e-01
1.487455337254897370e-01
1.494610740153685946e-01
1.481518494694129273e-01
1.489077984664751164e-01
1.452195454991382084e-01
1.453079633712768548e-01
1.467330053474592000e-01
1.527117819371430762e-01
1.483144155688907728e-01
1.514586235232975309e-01
1.511281229257583625e-01
1.488611968755721993e-01
1.507192217111587573e-01
1.515394012254217271e-01
1.482437677305677715e-01
1.497754974572554909e-01
1.472783352188442030e-01
1.506275477875833879e-01
1.507731722023176180e-01
1.503922174598859574e-01
1.473412399706633125e-01
1.509486154278983361e-01
